0 -3192.000000
1 -4468.000000
2 -5184.000000
3 -5616.000000
4 -5952.000000
5 -6180.000000
6 -6348.000000
7 -6512.000000
8 -6652.000000
9 -6768.000000
10 -6816.000000
11 -6876.000000
12 -6928.000000
13 -7000.000000
14 -7032.000000
15 -7124.000000
16 -7180.000000
17 -7208.000000
18 -7228.000000
19 -7244.000000
20 -7272.000000
21 -7316.000000
22 -7316.000000
23 -7324.000000
24 -7368.000000
25 -7376.000000
26 -7416.000000
27 -7436.000000
28 -7460.000000
29 -7436.000000
30 -7440.000000
31 -7440.000000
32 -7456.000000
33 -7460.000000
34 -7476.000000
35 -7496.000000
36 -7496.000000
37 -7508.000000
38 -7516.000000
39 -7524.000000
40 -7552.000000
41 -7548.000000
42 -7544.000000
43 -7532.000000
44 -7532.000000
45 -7560.000000
46 -7580.000000
47 -7584.000000
48 -7576.000000
49 -7576.000000
50 -7608.000000
51 -7604.000000
52 -7612.000000
53 -7612.000000
54 -7600.000000
55 -7624.000000
56 -7616.000000
57 -7620.000000
58 -7632.000000
59 -7608.000000
60 -7640.000000
61 -7644.000000
62 -7632.000000
63 -7656.000000
64 -7664.000000
65 -7648.000000
66 -7648.000000
67 -7680.000000
68 -7672.000000
69 -7672.000000
70 -7692.000000
71 -7676.000000
72 -7684.000000
73 -7668.000000
74 -7664.000000
75 -7660.000000
76 -7668.000000
77 -7684.000000
78 -7652.000000
79 -7676.000000
80 -7700.000000
81 -7712.000000
82 -7712.000000
83 -7684.000000
84 -7692.000000
85 -7704.000000
86 -7700.000000
87 -7700.000000
88 -7712.000000
89 -7692.000000
90 -7688.000000
91 -7704.000000
92 -7712.000000
93 -7708.000000
94 -7708.000000
95 -7712.000000
96 -7712.000000
97 -7712.000000
98 -7684.000000
99 -7688.000000
100 -7684.000000
101 -7712.000000
102 -7720.000000
103 -7728.000000
104 -7728.000000
105 -7704.000000
106 -7704.000000
107 -7692.000000
108 -7712.000000
109 -7712.000000
110 -7720.000000
111 -7728.000000
112 -7736.000000
113 -7748.000000
114 -7740.000000
115 -7744.000000
116 -7748.000000
117 -7740.000000
118 -7732.000000
119 -7716.000000
120 -7744.000000
121 -7740.000000
122 -7752.000000
123 -7736.000000
124 -7720.000000
125 -7728.000000
126 -7732.000000
127 -7748.000000
128 -7752.000000
129 -7768.000000
130 -7768.000000
131 -7752.000000
132 -7748.000000
133 -7768.000000
134 -7748.000000
135 -7752.000000
136 -7752.000000
137 -7744.000000
138 -7768.000000
139 -7764.000000
140 -7752.000000
141 -7756.000000
142 -7744.000000
143 -7756.000000
144 -7756.000000
145 -7752.000000
146 -7736.000000
147 -7720.000000
148 -7744.000000
149 -7752.000000
150 -7756.000000
151 -7748.000000
152 -7748.000000
153 -7756.000000
154 -7760.000000
155 -7752.000000
156 -7740.000000
157 -7740.000000
158 -7756.000000
159 -7760.000000
160 -7736.000000
161 -7756.000000
162 -7740.000000
163 -7760.000000
164 -7768.000000
165 -7768.000000
166 -7776.000000
167 -7752.000000
168 -7772.000000
169 -7768.000000
170 -7768.000000
171 -7756.000000
172 -7768.000000
173 -7756.000000
174 -7768.000000
175 -7752.000000
176 -7788.000000
177 -7788.000000
178 -7784.000000
179 -7772.000000
180 -7784.000000
181 -7792.000000
182 -7772.000000
183 -7772.000000
184 -7768.000000
185 -7776.000000
186 -7796.000000
187 -7784.000000
188 -7764.000000
189 -7780.000000
190 -7780.000000
191 -7792.000000
192 -7796.000000
193 -7800.000000
194 -7776.000000
195 -7768.000000
196 -7788.000000
197 -7796.000000
198 -7764.000000
199 -7784.000000
200 -7800.000000
201 -7776.000000
202 -7792.000000
203 -7792.000000
204 -7796.000000
205 -7784.000000
206 -7796.000000
207 -7796.000000
208 -7784.000000
209 -7780.000000
210 -7796.000000
211 -7780.000000
212 -7804.000000
213 -7800.000000
214 -7812.000000
215 -7804.000000
216 -7796.000000
217 -7760.000000
218 -7808.000000
219 -7812.000000
220 -7788.000000
221 -7796.000000
222 -7808.000000
223 -7800.000000
224 -7776.000000
225 -7776.000000
226 -7788.000000
227 -7788.000000
228 -7804.000000
229 -7820.000000
230 -7808.000000
231 -7828.000000
232 -7820.000000
233 -7820.000000
234 -7816.000000
235 -7792.000000
236 -7776.000000
237 -7808.000000
238 -7808.000000
239 -7804.000000
240 -7804.000000
241 -7808.000000
242 -7804.000000
243 -7796.000000
244 -7808.000000
245 -7800.000000
246 -7812.000000
247 -7816.000000
248 -7808.000000
249 -7820.000000
250 -7808.000000
251 -7824.000000
252 -7820.000000
253 -7812.000000
254 -7820.000000
255 -7820.000000
256 -7828.000000
257 -7836.000000
258 -7832.000000
259 -7820.000000
260 -7828.000000
261 -7828.000000
262 -7812.000000
263 -7820.000000
264 -7820.000000
265 -7832.000000
266 -7836.000000
267 -7832.000000
268 -7840.000000
269 -7820.000000
270 -7852.000000
271 -7836.000000
272 -7836.000000
273 -7820.000000
274 -7836.000000
275 -7848.000000
276 -7848.000000
277 -7844.000000
278 -7848.000000
279 -7836.000000
280 -7844.000000
281 -7820.000000
282 -7832.000000
283 -7844.000000
284 -7856.000000
285 -7860.000000
286 -7868.000000
287 -7860.000000
288 -7868.000000
289 -7880.000000
290 -7884.000000
291 -7876.000000
292 -7860.000000
293 -7840.000000
294 -7860.000000
295 -7864.000000
296 -7868.000000
297 -7852.000000
298 -7848.000000
299 -7832.000000
300 -7836.000000
301 -7856.000000
302 -7848.000000
303 -7860.000000
304 -7856.000000
305 -7860.000000
306 -7852.000000
307 -7840.000000
308 -7868.000000
309 -7872.000000
310 -7872.000000
311 -7872.000000
312 -7856.000000
313 -7864.000000
314 -7872.000000
315 -7876.000000
316 -7852.000000
317 -7864.000000
318 -7860.000000
319 -7848.000000
320 -7872.000000
321 -7860.000000
322 -7872.000000
323 -7876.000000
324 -7872.000000
325 -7856.000000
326 -7876.000000
327 -7880.000000
328 -7888.000000
329 -7876.000000
330 -7872.000000
331 -7852.000000
332 -7856.000000
333 -7852.000000
334 -7864.000000
335 -7860.000000
336 -7888.000000
337 -7876.000000
338 -7852.000000
339 -7844.000000
340 -7852.000000
341 -7860.000000
342 -7840.000000
343 -7864.000000
344 -7872.000000
345 -7868.000000
346 -7876.000000
347 -7872.000000
348 -7868.000000
349 -7856.000000
350 -7840.000000
351 -7832.000000
352 -7852.000000
353 -7848.000000
354 -7848.000000
355 -7852.000000
356 -7872.000000
357 -7860.000000
358 -7868.000000
359 -7872.000000
360 -7872.000000
361 -7872.000000
362 -7884.000000
363 -7868.000000
364 -7856.000000
365 -7872.000000
366 -7864.000000
367 -7860.000000
368 -7864.000000
369 -7864.000000
370 -7892.000000
371 -7896.000000
372 -7900.000000
373 -7888.000000
374 -7892.000000
375 -7900.000000
376 -7892.000000
377 -7880.000000
378 -7880.000000
379 -7880.000000
380 -7896.000000
381 -7884.000000
382 -7896.000000
383 -7904.000000
384 -7896.000000
385 -7896.000000
386 -7908.000000
387 -7868.000000
388 -7864.000000
389 -7880.000000
390 -7896.000000
391 -7904.000000
392 -7892.000000
393 -7888.000000
394 -7888.000000
395 -7896.000000
396 -7916.000000
397 -7912.000000
398 -7896.000000
399 -7884.000000
400 -7900.000000
401 -7888.000000
402 -7884.000000
403 -7912.000000
404 -7908.000000
405 -7908.000000
406 -7904.000000
407 -7908.000000
408 -7896.000000
409 -7884.000000
410 -7888.000000
411 -7916.000000
412 -7908.000000
413 -7892.000000
414 -7888.000000
415 -7912.000000
416 -7904.000000
417 -7908.000000
418 -7904.000000
419 -7912.000000
420 -7916.000000
421 -7920.000000
422 -7912.000000
423 -7908.000000
424 -7920.000000
425 -7916.000000
426 -7900.000000
427 -7900.000000
428 -7924.000000
429 -7920.000000
430 -7932.000000
431 -7900.000000
432 -7924.000000
433 -7908.000000
434 -7916.000000
435 -7924.000000
436 -7924.000000
437 -7912.000000
438 -7920.000000
439 -7916.000000
440 -7924.000000
441 -7928.000000
442 -7916.000000
443 -7916.000000
444 -7904.000000
445 -7900.000000
446 -7908.000000
447 -7908.000000
448 -7920.000000
449 -7904.000000
450 -7908.000000
451 -7912.000000
452 -7928.000000
453 -7920.000000
454 -7920.000000
455 -7920.000000
456 -7896.000000
457 -7908.000000
458 -7920.000000
459 -7908.000000
460 -7924.000000
461 -7916.000000
462 -7928.000000
463 -7920.000000
464 -7916.000000
465 -7920.000000
466 -7900.000000
467 -7916.000000
468 -7904.000000
469 -7904.000000
470 -7900.000000
471 -7896.000000
472 -7904.000000
473 -7900.000000
474 -7904.000000
475 -7920.000000
476 -7912.000000
477 -7904.000000
478 -7892.000000
479 -7904.000000
480 -7892.000000
481 -7908.000000
482 -7900.000000
483 -7924.000000
484 -7928.000000
485 -7924.000000
486 -7936.000000
487 -7916.000000
488 -7924.000000
489 -7916.000000
490 -7916.000000
491 -7924.000000
492 -7932.000000
493 -7920.000000
494 -7932.000000
495 -7936.000000
496 -7936.000000
497 -7936.000000
498 -7928.000000
499 -7920.000000
500 -7916.000000
501 -7900.000000
502 -7924.000000
503 -7924.000000
504 -7932.000000
505 -7936.000000
506 -7908.000000
507 -7932.000000
508 -7928.000000
509 -7928.000000
510 -7940.000000
511 -7932.000000
512 -7912.000000
513 -7928.000000
514 -7924.000000
515 -7944.000000
516 -7944.000000
517 -7948.000000
518 -7948.000000
519 -7940.000000
520 -7924.000000
521 -7912.000000
522 -7920.000000
523 -7928.000000
524 -7936.000000
525 -7960.000000
526 -7944.000000
527 -7944.000000
528 -7928.000000
529 -7924.000000
530 -7948.000000
531 -7964.000000
532 -7948.000000
533 -7948.000000
534 -7944.000000
535 -7956.000000
536 -7960.000000
537 -7964.000000
538 -7936.000000
539 -7960.000000
540 -7936.000000
541 -7940.000000
542 -7964.000000
543 -7968.000000
544 -7968.000000
545 -7944.000000
546 -7956.000000
547 -7956.000000
548 -7968.000000
549 -7972.000000
550 -7968.000000
551 -7968.000000
552 -7964.000000
553 -7968.000000
554 -7980.000000
555 -7984.000000
556 -7972.000000
557 -7976.000000
558 -7952.000000
559 -7960.000000
560 -7956.000000
561 -7960.000000
562 -7964.000000
563 -7972.000000
564 -7988.000000
565 -7972.000000
566 -7988.000000
567 -7960.000000
568 -7980.000000
569 -7976.000000
570 -7964.000000
571 -7984.000000
572 -7996.000000
573 -7980.000000
574 -7988.000000
575 -7996.000000
576 -8000.000000
577 -8000.000000
578 -8008.000000
579 -7992.000000
580 -7984.000000
581 -7988.000000
582 -8000.000000
583 -8008.000000
584 -8004.000000
585 -8008.000000
586 -8008.000000
587 -8012.000000
588 -8020.000000
589 -8016.000000
590 -8008.000000
591 -8008.000000
592 -8008.000000
593 -8008.000000
594 -8016.000000
595 -8020.000000
596 -8008.000000
597 -8012.000000
598 -8008.000000
599 -8004.000000
600 -8020.000000
601 -8008.000000
602 -8028.000000
603 -8028.000000
604 -8004.000000
605 -8020.000000
606 -8008.000000
607 -8000.000000
608 -8020.000000
609 -8012.000000
610 -8004.000000
611 -8016.000000
612 -8024.000000
613 -8024.000000
614 -8020.000000
615 -8036.000000
616 -8016.000000
617 -8020.000000
618 -8016.000000
619 -8028.000000
620 -8012.000000
621 -8016.000000
622 -8024.000000
623 -8048.000000
624 -8048.000000
625 -8040.000000
626 -8040.000000
627 -7996.000000
628 -8012.000000
629 -7996.000000
630 -8032.000000
631 -8036.000000
632 -8040.000000
633 -8020.000000
634 -8032.000000
635 -8040.000000
636 -8032.000000
637 -8036.000000
638 -8044.000000
639 -8032.000000
640 -8040.000000
641 -8032.000000
642 -8040.000000
643 -8040.000000
644 -8048.000000
645 -8024.000000
646 -8044.000000
647 -8044.000000
648 -8032.000000
649 -8044.000000
650 -8052.000000
651 -8064.000000
652 -8064.000000
653 -8064.000000
654 -8056.000000
655 -8048.000000
656 -8036.000000
657 -8020.000000
658 -8048.000000
659 -8072.000000
660 -8080.000000
661 -8072.000000
662 -8076.000000
663 -8072.000000
664 -8060.000000
665 -8076.000000
666 -8064.000000
667 -8072.000000
668 -8072.000000
669 -8056.000000
670 -8064.000000
671 -8060.000000
672 -8072.000000
673 -8076.000000
674 -8088.000000
675 -8080.000000
676 -8084.000000
677 -8064.000000
678 -8076.000000
679 -8104.000000
680 -8096.000000
681 -8088.000000
682 -8072.000000
683 -8080.000000
684 -8084.000000
685 -8088.000000
686 -8096.000000
687 -8080.000000
688 -8076.000000
689 -8084.000000
690 -8084.000000
691 -8092.000000
692 -8104.000000
693 -8116.000000
694 -8116.000000
695 -8120.000000
696 -8120.000000
697 -8128.000000
698 -8128.000000
699 -8144.000000
700 -8132.000000
701 -8144.000000
702 -8152.000000
703 -8156.000000
704 -8164.000000
705 -8164.000000
706 -8168.000000
707 -8184.000000
708 -8184.000000
709 -8184.000000
710 -8192.000000
711 -8176.000000
712 -8192.000000
713 -8184.000000
714 -8192.000000
715 -8176.000000
716 -8184.000000
717 -8168.000000
718 -8176.000000
719 -8184.000000
720 -8184.000000
721 -8176.000000
722 -8168.000000
723 -8184.000000
724 -8176.000000
725 -8176.000000
726 -8180.000000
727 -8176.000000
728 -8184.000000
729 -8168.000000
730 -8192.000000
731 -8192.000000
732 -8192.000000
733 -8192.000000
734 -8168.000000
735 -8184.000000
736 -8176.000000
737 -8176.000000
738 -8184.000000
739 -8192.000000
740 -8184.000000
741 -8160.000000
742 -8160.000000
743 -8160.000000
744 -8192.000000
745 -8184.000000
746 -8192.000000
747 -8184.000000
748 -8176.000000
749 -8160.000000
750 -8160.000000
751 -8168.000000
752 -8176.000000
753 -8184.000000
754 -8184.000000
755 -8176.000000
756 -8184.000000
757 -8184.000000
758 -8184.000000
759 -8184.000000
760 -8176.000000
761 -8184.000000
762 -8184.000000
763 -8168.000000
764 -8164.000000
765 -8184.000000
766 -8192.000000
767 -8184.000000
768 -8192.000000
769 -8184.000000
770 -8184.000000
771 -8192.000000
772 -8192.000000
773 -8192.000000
774 -8192.000000
775 -8184.000000
776 -8176.000000
777 -8168.000000
778 -8176.000000
779 -8180.000000
780 -8184.000000
781 -8168.000000
782 -8156.000000
783 -8172.000000
784 -8176.000000
785 -8176.000000
786 -8192.000000
787 -8192.000000
788 -8176.000000
789 -8176.000000
790 -8176.000000
791 -8176.000000
792 -8184.000000
793 -8160.000000
794 -8176.000000
795 -8160.000000
796 -8176.000000
797 -8184.000000
798 -8192.000000
799 -8184.000000
800 -8184.000000
801 -8152.000000
802 -8152.000000
803 -8168.000000
804 -8184.000000
805 -8176.000000
806 -8168.000000
807 -8180.000000
808 -8184.000000
809 -8184.000000
810 -8184.000000
811 -8184.000000
812 -8180.000000
813 -8168.000000
814 -8184.000000
815 -8184.000000
816 -8168.000000
817 -8168.000000
818 -8160.000000
819 -8184.000000
820 -8192.000000
821 -8192.000000
822 -8184.000000
823 -8184.000000
824 -8184.000000
825 -8184.000000
826 -8184.000000
827 -8176.000000
828 -8184.000000
829 -8184.000000
830 -8192.000000
831 -8184.000000
832 -8192.000000
833 -8184.000000
834 -8180.000000
835 -8184.000000
836 -8192.000000
837 -8192.000000
838 -8176.000000
839 -8168.000000
840 -8184.000000
841 -8168.000000
842 -8184.000000
843 -8176.000000
844 -8176.000000
845 -8160.000000
846 -8184.000000
847 -8192.000000
848 -8184.000000
849 -8184.000000
850 -8184.000000
851 -8192.000000
852 -8172.000000
853 -8184.000000
854 -8184.000000
855 -8192.000000
856 -8192.000000
857 -8176.000000
858 -8192.000000
859 -8192.000000
860 -8184.000000
861 -8184.000000
862 -8192.000000
863 -8192.000000
864 -8192.000000
865 -8192.000000
866 -8176.000000
867 -8168.000000
868 -8176.000000
869 -8176.000000
870 -8176.000000
871 -8168.000000
872 -8184.000000
873 -8192.000000
874 -8192.000000
875 -8184.000000
876 -8192.000000
877 -8192.000000
878 -8192.000000
879 -8184.000000
880 -8180.000000
881 -8184.000000
882 -8168.000000
883 -8184.000000
884 -8192.000000
885 -8192.000000
886 -8192.000000
887 -8192.000000
888 -8192.000000
889 -8192.000000
890 -8192.000000
891 -8192.000000
892 -8192.000000
893 -8192.000000
894 -8176.000000
895 -8192.000000
896 -8192.000000
897 -8192.000000
898 -8192.000000
899 -8184.000000
900 -8184.000000
901 -8184.000000
902 -8192.000000
903 -8184.000000
904 -8192.000000
905 -8168.000000
906 -8160.000000
907 -8160.000000
908 -8168.000000
909 -8184.000000
910 -8176.000000
911 -8184.000000
912 -8184.000000
913 -8176.000000
914 -8184.000000
915 -8176.000000
916 -8184.000000
917 -8192.000000
918 -8192.000000
919 -8184.000000
920 -8176.000000
921 -8192.000000
922 -8192.000000
923 -8192.000000
924 -8192.000000
925 -8176.000000
926 -8176.000000
927 -8192.000000
928 -8184.000000
929 -8176.000000
930 -8184.000000
931 -8192.000000
932 -8192.000000
933 -8184.000000
934 -8184.000000
935 -8192.000000
936 -8184.000000
937 -8192.000000
938 -8184.000000
939 -8184.000000
940 -8168.000000
941 -8176.000000
942 -8184.000000
943 -8192.000000
944 -8176.000000
945 -8176.000000
946 -8176.000000
947 -8184.000000
948 -8184.000000
949 -8192.000000
950 -8184.000000
951 -8192.000000
952 -8192.000000
953 -8184.000000
954 -8176.000000
955 -8172.000000
956 -8160.000000
957 -8168.000000
958 -8152.000000
959 -8168.000000
960 -8168.000000
961 -8192.000000
962 -8176.000000
963 -8192.000000
964 -8168.000000
965 -8160.000000
966 -8176.000000
967 -8176.000000
968 -8164.000000
969 -8164.000000
970 -8192.000000
971 -8192.000000
972 -8184.000000
973 -8192.000000
974 -8176.000000
975 -8168.000000
976 -8176.000000
977 -8184.000000
978 -8176.000000
979 -8184.000000
980 -8184.000000
981 -8176.000000
982 -8160.000000
983 -8176.000000
984 -8192.000000
985 -8192.000000
986 -8184.000000
987 -8184.000000
988 -8180.000000
989 -8184.000000
990 -8184.000000
991 -8184.000000
992 -8192.000000
993 -8168.000000
994 -8184.000000
995 -8192.000000
996 -8192.000000
997 -8192.000000
998 -8180.000000
999 -8184.000000
1000 -8168.000000
1001 -8160.000000
1002 -8184.000000
1003 -8184.000000
1004 -8176.000000
1005 -8176.000000
1006 -8192.000000
1007 -8192.000000
1008 -8184.000000
1009 -8192.000000
1010 -8184.000000
1011 -8192.000000
1012 -8184.000000
1013 -8184.000000
1014 -8192.000000
1015 -8184.000000
1016 -8192.000000
1017 -8184.000000
1018 -8192.000000
1019 -8184.000000
1020 -8184.000000
1021 -8160.000000
1022 -8148.000000
1023 -8176.000000
1024 -8168.000000
1025 -8184.000000
1026 -8176.000000
1027 -8184.000000
1028 -8176.000000
1029 -8184.000000
1030 -8176.000000
1031 -8176.000000
1032 -8176.000000
1033 -8184.000000
1034 -8184.000000
1035 -8176.000000
1036 -8192.000000
1037 -8192.000000
1038 -8192.000000
1039 -8184.000000
1040 -8176.000000
1041 -8176.000000
1042 -8192.000000
1043 -8192.000000
1044 -8176.000000
1045 -8176.000000
1046 -8168.000000
1047 -8160.000000
1048 -8176.000000
1049 -8168.000000
1050 -8172.000000
1051 -8168.000000
1052 -8176.000000
1053 -8156.000000
1054 -8192.000000
1055 -8184.000000
1056 -8192.000000
1057 -8184.000000
1058 -8184.000000
1059 -8176.000000
1060 -8176.000000
1061 -8184.000000
1062 -8176.000000
1063 -8192.000000
1064 -8184.000000
1065 -8192.000000
1066 -8192.000000
1067 -8176.000000
1068 -8192.000000
1069 -8192.000000
1070 -8184.000000
1071 -8176.000000
1072 -8176.000000
1073 -8184.000000
1074 -8176.000000
1075 -8160.000000
1076 -8176.000000
1077 -8176.000000
1078 -8176.000000
1079 -8192.000000
1080 -8192.000000
1081 -8184.000000
1082 -8184.000000
1083 -8160.000000
1084 -8160.000000
1085 -8176.000000
1086 -8192.000000
1087 -8164.000000
1088 -8168.000000
1089 -8176.000000
1090 -8176.000000
1091 -8176.000000
1092 -8176.000000
1093 -8172.000000
1094 -8168.000000
1095 -8184.000000
1096 -8184.000000
1097 -8192.000000
1098 -8176.000000
1099 -8176.000000
1100 -8184.000000
1101 -8192.000000
1102 -8176.000000
1103 -8152.000000
1104 -8184.000000
1105 -8176.000000
1106 -8184.000000
1107 -8184.000000
1108 -8192.000000
1109 -8184.000000
1110 -8172.000000
1111 -8184.000000
1112 -8184.000000
1113 -8176.000000
1114 -8176.000000
1115 -8184.000000
1116 -8160.000000
1117 -8172.000000
1118 -8184.000000
1119 -8176.000000
1120 -8176.000000
1121 -8192.000000
1122 -8192.000000
1123 -8192.000000
1124 -8192.000000
1125 -8192.000000
1126 -8176.000000
1127 -8192.000000
1128 -8184.000000
1129 -8168.000000
1130 -8168.000000
1131 -8192.000000
1132 -8176.000000
1133 -8176.000000
1134 -8184.000000
1135 -8160.000000
1136 -8184.000000
1137 -8184.000000
1138 -8176.000000
1139 -8184.000000
1140 -8184.000000
1141 -8192.000000
1142 -8192.000000
1143 -8184.000000
1144 -8184.000000
1145 -8168.000000
1146 -8192.000000
1147 -8184.000000
1148 -8168.000000
1149 -8184.000000
1150 -8160.000000
1151 -8176.000000
1152 -8176.000000
1153 -8184.000000
1154 -8168.000000
1155 -8168.000000
1156 -8168.000000
1157 -8184.000000
1158 -8176.000000
1159 -8192.000000
1160 -8192.000000
1161 -8184.000000
1162 -8176.000000
1163 -8176.000000
1164 -8192.000000
1165 -8192.000000
1166 -8168.000000
1167 -8176.000000
1168 -8192.000000
1169 -8192.000000
1170 -8184.000000
1171 -8192.000000
1172 -8184.000000
1173 -8176.000000
1174 -8184.000000
1175 -8180.000000
1176 -8172.000000
1177 -8160.000000
1178 -8168.000000
1179 -8176.000000
1180 -8176.000000
1181 -8152.000000
1182 -8184.000000
1183 -8184.000000
1184 -8192.000000
1185 -8184.000000
1186 -8192.000000
1187 -8192.000000
1188 -8192.000000
1189 -8192.000000
1190 -8176.000000
1191 -8176.000000
1192 -8176.000000
1193 -8184.000000
1194 -8184.000000
1195 -8168.000000
1196 -8176.000000
1197 -8184.000000
1198 -8168.000000
1199 -8160.000000
1200 -8160.000000
1201 -8176.000000
1202 -8192.000000
1203 -8192.000000
1204 -8192.000000
1205 -8176.000000
1206 -8176.000000
1207 -8168.000000
1208 -8192.000000
1209 -8192.000000
1210 -8184.000000
1211 -8168.000000
1212 -8184.000000
1213 -8184.000000
1214 -8192.000000
1215 -8192.000000
1216 -8184.000000
1217 -8184.000000
1218 -8176.000000
1219 -8160.000000
1220 -8176.000000
1221 -8184.000000
1222 -8184.000000
1223 -8176.000000
1224 -8176.000000
1225 -8176.000000
1226 -8172.000000
1227 -8176.000000
1228 -8192.000000
1229 -8192.000000
1230 -8184.000000
1231 -8192.000000
1232 -8192.000000
1233 -8184.000000
1234 -8192.000000
1235 -8192.000000
1236 -8192.000000
1237 -8184.000000
1238 -8184.000000
1239 -8184.000000
1240 -8192.000000
1241 -8192.000000
1242 -8184.000000
1243 -8176.000000
1244 -8160.000000
1245 -8184.000000
1246 -8192.000000
1247 -8184.000000
1248 -8184.000000
1249 -8184.000000
1250 -8176.000000
1251 -8184.000000
1252 -8176.000000
1253 -8176.000000
1254 -8176.000000
1255 -8144.000000
1256 -8152.000000
1257 -8184.000000
1258 -8164.000000
1259 -8176.000000
1260 -8176.000000
1261 -8180.000000
1262 -8192.000000
1263 -8168.000000
1264 -8176.000000
1265 -8184.000000
1266 -8168.000000
1267 -8184.000000
1268 -8184.000000
1269 -8192.000000
1270 -8192.000000
1271 -8192.000000
1272 -8184.000000
1273 -8176.000000
1274 -8184.000000
1275 -8176.000000
1276 -8184.000000
1277 -8176.000000
1278 -8184.000000
1279 -8156.000000
1280 -8168.000000
1281 -8176.000000
1282 -8184.000000
1283 -8164.000000
1284 -8172.000000
1285 -8180.000000
1286 -8184.000000
1287 -8192.000000
1288 -8176.000000
1289 -8184.000000
1290 -8184.000000
1291 -8176.000000
1292 -8176.000000
1293 -8176.000000
1294 -8184.000000
1295 -8176.000000
1296 -8192.000000
1297 -8176.000000
1298 -8176.000000
1299 -8168.000000
1300 -8140.000000
1301 -8164.000000
1302 -8176.000000
1303 -8184.000000
1304 -8192.000000
1305 -8192.000000
1306 -8176.000000
1307 -8192.000000
1308 -8184.000000
1309 -8184.000000
1310 -8192.000000
1311 -8192.000000
1312 -8192.000000
1313 -8176.000000
1314 -8160.000000
1315 -8168.000000
1316 -8168.000000
1317 -8184.000000
1318 -8192.000000
1319 -8192.000000
1320 -8176.000000
1321 -8184.000000
1322 -8176.000000
1323 -8184.000000
1324 -8176.000000
1325 -8192.000000
1326 -8184.000000
1327 -8192.000000
1328 -8192.000000
1329 -8192.000000
1330 -8184.000000
1331 -8160.000000
1332 -8168.000000
1333 -8160.000000
1334 -8168.000000
1335 -8148.000000
1336 -8176.000000
1337 -8184.000000
1338 -8192.000000
1339 -8192.000000
1340 -8184.000000
1341 -8160.000000
1342 -8176.000000
1343 -8184.000000
1344 -8184.000000
1345 -8168.000000
1346 -8192.000000
1347 -8192.000000
1348 -8184.000000
1349 -8192.000000
1350 -8176.000000
1351 -8184.000000
1352 -8192.000000
1353 -8184.000000
1354 -8184.000000
1355 -8168.000000
1356 -8168.000000
1357 -8168.000000
1358 -8152.000000
1359 -8148.000000
1360 -8168.000000
1361 -8160.000000
1362 -8184.000000
1363 -8184.000000
1364 -8168.000000
1365 -8176.000000
1366 -8164.000000
1367 -8176.000000
1368 -8176.000000
1369 -8148.000000
1370 -8152.000000
1371 -8160.000000
1372 -8184.000000
1373 -8176.000000
1374 -8184.000000
1375 -8184.000000
1376 -8192.000000
1377 -8184.000000
1378 -8184.000000
1379 -8192.000000
1380 -8192.000000
1381 -8184.000000
1382 -8184.000000
1383 -8184.000000
1384 -8184.000000
1385 -8192.000000
1386 -8176.000000
1387 -8192.000000
1388 -8184.000000
1389 -8192.000000
1390 -8176.000000
1391 -8176.000000
1392 -8176.000000
1393 -8168.000000
1394 -8192.000000
1395 -8192.000000
1396 -8192.000000
1397 -8192.000000
1398 -8192.000000
1399 -8184.000000
1400 -8192.000000
1401 -8192.000000
1402 -8184.000000
1403 -8172.000000
1404 -8152.000000
1405 -8156.000000
1406 -8168.000000
1407 -8176.000000
1408 -8184.000000
1409 -8192.000000
1410 -8176.000000
1411 -8192.000000
1412 -8184.000000
1413 -8184.000000
1414 -8184.000000
1415 -8168.000000
1416 -8168.000000
1417 -8192.000000
1418 -8184.000000
1419 -8168.000000
1420 -8184.000000
1421 -8192.000000
1422 -8192.000000
1423 -8176.000000
1424 -8168.000000
1425 -8184.000000
1426 -8192.000000
1427 -8176.000000
1428 -8184.000000
1429 -8176.000000
1430 -8168.000000
1431 -8184.000000
1432 -8184.000000
1433 -8192.000000
1434 -8192.000000
1435 -8184.000000
1436 -8192.000000
1437 -8184.000000
1438 -8192.000000
1439 -8192.000000
1440 -8184.000000
1441 -8184.000000
1442 -8176.000000
1443 -8168.000000
1444 -8168.000000
1445 -8184.000000
1446 -8148.000000
1447 -8148.000000
1448 -8152.000000
1449 -8168.000000
1450 -8184.000000
1451 -8176.000000
1452 -8192.000000
1453 -8192.000000
1454 -8184.000000
1455 -8184.000000
1456 -8192.000000
1457 -8168.000000
1458 -8172.000000
1459 -8168.000000
1460 -8164.000000
1461 -8168.000000
1462 -8184.000000
1463 -8192.000000
1464 -8192.000000
1465 -8192.000000
1466 -8192.000000
1467 -8192.000000
1468 -8184.000000
1469 -8164.000000
1470 -8184.000000
1471 -8176.000000
1472 -8176.000000
1473 -8184.000000
1474 -8192.000000
1475 -8192.000000
1476 -8184.000000
1477 -8168.000000
1478 -8160.000000
1479 -8160.000000
1480 -8176.000000
1481 -8176.000000
1482 -8176.000000
1483 -8192.000000
1484 -8192.000000
1485 -8176.000000
1486 -8184.000000
1487 -8184.000000
1488 -8192.000000
1489 -8184.000000
1490 -8176.000000
1491 -8184.000000
1492 -8176.000000
1493 -8164.000000
1494 -8160.000000
1495 -8168.000000
1496 -8184.000000
1497 -8184.000000
1498 -8192.000000
1499 -8192.000000
1500 -8176.000000
1501 -8184.000000
1502 -8184.000000
1503 -8184.000000
1504 -8168.000000
1505 -8176.000000
1506 -8184.000000
1507 -8184.000000
1508 -8192.000000
1509 -8192.000000
1510 -8168.000000
1511 -8176.000000
1512 -8172.000000
1513 -8168.000000
1514 -8164.000000
1515 -8184.000000
1516 -8184.000000
1517 -8192.000000
1518 -8192.000000
1519 -8192.000000
1520 -8184.000000
1521 -8168.000000
1522 -8176.000000
1523 -8168.000000
1524 -8184.000000
1525 -8192.000000
1526 -8192.000000
1527 -8184.000000
1528 -8184.000000
1529 -8176.000000
1530 -8184.000000
1531 -8176.000000
1532 -8176.000000
1533 -8168.000000
1534 -8176.000000
1535 -8184.000000
1536 -8184.000000
1537 -8184.000000
1538 -8192.000000
1539 -8192.000000
1540 -8184.000000
1541 -8184.000000
1542 -8176.000000
1543 -8156.000000
1544 -8176.000000
1545 -8184.000000
1546 -8192.000000
1547 -8192.000000
1548 -8192.000000
1549 -8176.000000
1550 -8176.000000
1551 -8168.000000
1552 -8168.000000
1553 -8160.000000
1554 -8168.000000
1555 -8176.000000
1556 -8152.000000
1557 -8168.000000
1558 -8176.000000
1559 -8168.000000
1560 -8192.000000
1561 -8184.000000
1562 -8176.000000
1563 -8168.000000
1564 -8172.000000
1565 -8184.000000
1566 -8184.000000
1567 -8192.000000
1568 -8192.000000
1569 -8176.000000
1570 -8168.000000
1571 -8168.000000
1572 -8184.000000
1573 -8184.000000
1574 -8192.000000
1575 -8168.000000
1576 -8168.000000
1577 -8176.000000
1578 -8160.000000
1579 -8184.000000
1580 -8184.000000
1581 -8176.000000
1582 -8160.000000
1583 -8168.000000
1584 -8168.000000
1585 -8168.000000
1586 -8176.000000
1587 -8184.000000
1588 -8184.000000
1589 -8176.000000
1590 -8168.000000
1591 -8176.000000
1592 -8168.000000
1593 -8184.000000
1594 -8184.000000
1595 -8184.000000
1596 -8192.000000
1597 -8168.000000
1598 -8172.000000
1599 -8156.000000
1600 -8164.000000
1601 -8176.000000
1602 -8176.000000
1603 -8184.000000
1604 -8176.000000
1605 -8184.000000
1606 -8192.000000
1607 -8192.000000
1608 -8176.000000
1609 -8184.000000
1610 -8184.000000
1611 -8176.000000
1612 -8184.000000
1613 -8184.000000
1614 -8176.000000
1615 -8184.000000
1616 -8152.000000
1617 -8176.000000
1618 -8160.000000
1619 -8168.000000
1620 -8184.000000
1621 -8184.000000
1622 -8176.000000
1623 -8176.000000
1624 -8184.000000
1625 -8192.000000
1626 -8192.000000
1627 -8184.000000
1628 -8184.000000
1629 -8176.000000
1630 -8176.000000
1631 -8184.000000
1632 -8184.000000
1633 -8184.000000
1634 -8184.000000
1635 -8192.000000
1636 -8192.000000
1637 -8184.000000
1638 -8184.000000
1639 -8192.000000
1640 -8184.000000
1641 -8192.000000
1642 -8192.000000
1643 -8192.000000
1644 -8184.000000
1645 -8168.000000
1646 -8184.000000
1647 -8168.000000
1648 -8180.000000
1649 -8184.000000
1650 -8184.000000
1651 -8184.000000
1652 -8184.000000
1653 -8184.000000
1654 -8184.000000
1655 -8176.000000
1656 -8176.000000
1657 -8176.000000
1658 -8184.000000
1659 -8192.000000
1660 -8168.000000
1661 -8164.000000
1662 -8144.000000
1663 -8176.000000
1664 -8176.000000
1665 -8184.000000
1666 -8180.000000
1667 -8184.000000
1668 -8176.000000
1669 -8184.000000
1670 -8192.000000
1671 -8184.000000
1672 -8184.000000
1673 -8192.000000
1674 -8184.000000
1675 -8176.000000
1676 -8168.000000
1677 -8168.000000
1678 -8184.000000
1679 -8192.000000
1680 -8192.000000
1681 -8192.000000
1682 -8184.000000
1683 -8176.000000
1684 -8184.000000
1685 -8184.000000
1686 -8176.000000
1687 -8184.000000
1688 -8172.000000
1689 -8184.000000
1690 -8184.000000
1691 -8168.000000
1692 -8192.000000
1693 -8184.000000
1694 -8184.000000
1695 -8192.000000
1696 -8176.000000
1697 -8168.000000
1698 -8176.000000
1699 -8172.000000
1700 -8176.000000
1701 -8176.000000
1702 -8176.000000
1703 -8184.000000
1704 -8176.000000
1705 -8184.000000
1706 -8184.000000
1707 -8176.000000
1708 -8168.000000
1709 -8184.000000
