1.984641e+35 -3.961540e+35 -1.976899e+35
1.984642e+35 -3.961541e+35 -1.976899e+35
1.984644e+35 -3.961543e+35 -1.976899e+35
1.984646e+35 -3.961545e+35 -1.976899e+35
1.984649e+35 -3.961548e+35 -1.976899e+35
1.984653e+35 -3.961552e+35 -1.976899e+35
1.984657e+35 -3.961556e+35 -1.976899e+35
1.984661e+35 -3.961560e+35 -1.976899e+35
1.984666e+35 -3.961566e+35 -1.976899e+35
1.984672e+35 -3.961571e+35 -1.976899e+35
1.984679e+35 -3.961578e+35 -1.976899e+35
1.984685e+35 -3.961585e+35 -1.976899e+35
1.984693e+35 -3.961592e+35 -1.976899e+35
1.984701e+35 -3.961600e+35 -1.976899e+35
1.984709e+35 -3.961608e+35 -1.976899e+35
1.984717e+35 -3.961617e+35 -1.976899e+35
1.984727e+35 -3.961626e+35 -1.976899e+35
1.984736e+35 -3.961635e+35 -1.976899e+35
1.984746e+35 -3.961645e+35 -1.976899e+35
1.984756e+35 -3.961655e+35 -1.976899e+35
1.984766e+35 -3.961665e+35 -1.976899e+35
1.984777e+35 -3.961676e+35 -1.976899e+35
1.984787e+35 -3.961687e+35 -1.976899e+35
1.984798e+35 -3.961698e+35 -1.976899e+35
1.984809e+35 -3.961709e+35 -1.976899e+35
1.984820e+35 -3.961720e+35 -1.976899e+35
1.984832e+35 -3.961731e+35 -1.976899e+35
1.984843e+35 -3.961742e+35 -1.976899e+35
1.984854e+35 -3.961753e+35 -1.976900e+35
1.984865e+35 -3.961765e+35 -1.976900e+35
1.984876e+35 -3.961776e+35 -1.976900e+35
1.984887e+35 -3.961786e+35 -1.976900e+35
1.984898e+35 -3.961797e+35 -1.976900e+35
1.984908e+35 -3.961808e+35 -1.976900e+35
1.984919e+35 -3.961818e+35 -1.976900e+35
1.984929e+35 -3.961828e+35 -1.976900e+35
1.984938e+35 -3.961838e+35 -1.976900e+35
1.984948e+35 -3.961848e+35 -1.976900e+35
1.984957e+35 -3.961857e+35 -1.976900e+35
1.984966e+35 -3.961866e+35 -1.976900e+35
1.984975e+35 -3.961874e+35 -1.976900e+35
1.984983e+35 -3.961883e+35 -1.976900e+35
1.984991e+35 -3.961890e+35 -1.976900e+35
1.984998e+35 -3.961898e+35 -1.976900e+35
1.985005e+35 -3.961905e+35 -1.976900e+35
1.985012e+35 -3.961912e+35 -1.976900e+35
1.985018e+35 -3.961918e+35 -1.976900e+35
1.985024e+35 -3.961924e+35 -1.976900e+35
1.985029e+35 -3.961929e+35 -1.976900e+35
1.985034e+35 -3.961934e+35 -1.976900e+35
1.985039e+35 -3.961939e+35 -1.976900e+35
1.985044e+35 -3.961943e+35 -1.976900e+35
1.985048e+35 -3.961947e+35 -1.976900e+35
1.985051e+35 -3.961951e+35 -1.976900e+35
1.985055e+35 -3.961954e+35 -1.976900e+35
1.985058e+35 -3.961957e+35 -1.976900e+35
1.985060e+35 -3.961960e+35 -1.976900e+35
1.985063e+35 -3.961963e+35 -1.976900e+35
1.985065e+35 -3.961965e+35 -1.976900e+35
1.985067e+35 -3.961967e+35 -1.976900e+35
1.985069e+35 -3.961969e+35 -1.976900e+35
1.985071e+35 -3.961971e+35 -1.976900e+35
1.985073e+35 -3.961972e+35 -1.976900e+35
1.985074e+35 -3.961974e+35 -1.976900e+35
1.985075e+35 -3.961975e+35 -1.976900e+35
1.985077e+35 -3.961977e+35 -1.976900e+35
1.985078e+35 -3.961978e+35 -1.976900e+35
1.985079e+35 -3.961979e+35 -1.976900e+35
1.985081e+35 -3.961981e+35 -1.976900e+35
1.985082e+35 -3.961982e+35 -1.976900e+35
1.985084e+35 -3.961983e+35 -1.976900e+35
1.985085e+35 -3.961985e+35 -1.976900e+35
1.985087e+35 -3.961987e+35 -1.976900e+35
1.985088e+35 -3.961988e+35 -1.976900e+35
1.985090e+35 -3.961990e+35 -1.976900e+35
1.985092e+35 -3.961992e+35 -1.976900e+35
1.985095e+35 -3.961995e+35 -1.976900e+35
1.985097e+35 -3.961997e+35 -1.976900e+35
1.985100e+35 -3.962000e+35 -1.976900e+35
1.985103e+35 -3.962002e+35 -1.976900e+35
1.985106e+35 -3.962005e+35 -1.976900e+35
1.985109e+35 -3.962009e+35 -1.976900e+35
1.985112e+35 -3.962012e+35 -1.976900e+35
1.985116e+35 -3.962016e+35 -1.976900e+35
1.985120e+35 -3.962020e+35 -1.976900e+35
1.985124e+35 -3.962024e+35 -1.976900e+35
1.985129e+35 -3.962029e+35 -1.976900e+35
1.985134e+35 -3.962033e+35 -1.976900e+35
1.985138e+35 -3.962038e+35 -1.976900e+35
1.985144e+35 -3.962044e+35 -1.976900e+35
1.985149e+35 -3.962049e+35 -1.976900e+35
1.985155e+35 -3.962055e+35 -1.976900e+35
1.985160e+35 -3.962060e+35 -1.976900e+35
1.985166e+35 -3.962066e+35 -1.976900e+35
1.985173e+35 -3.962073e+35 -1.976900e+35
1.985179e+35 -3.962079e+35 -1.976900e+35
1.985185e+35 -3.962085e+35 -1.976900e+35
1.985192e+35 -3.962092e+35 -1.976900e+35
1.985199e+35 -3.962099e+35 -1.976900e+35
1.985205e+35 -3.962105e+35 -1.976900e+35
1.985212e+35 -3.962112e+35 -1.976900e+35
1.985219e+35 -3.962119e+35 -1.976900e+35
1.985226e+35 -3.962126e+35 -1.976900e+35
1.985232e+35 -3.962132e+35 -1.976900e+35
1.985239e+35 -3.962139e+35 -1.976900e+35
1.985246e+35 -3.962146e+35 -1.976900e+35
1.985252e+35 -3.962152e+35 -1.976900e+35
1.985258e+35 -3.962159e+35 -1.976900e+35
1.985265e+35 -3.962165e+35 -1.976900e+35
1.985271e+35 -3.962171e+35 -1.976900e+35
1.985276e+35 -3.962176e+35 -1.976900e+35
1.985282e+35 -3.962182e+35 -1.976900e+35
1.985287e+35 -3.962187e+35 -1.976900e+35
1.985291e+35 -3.962192e+35 -1.976900e+35
1.985296e+35 -3.962196e+35 -1.976900e+35
1.985300e+35 -3.962200e+35 -1.976900e+35
1.985303e+35 -3.962204e+35 -1.976900e+35
1.985306e+35 -3.962207e+35 -1.976900e+35
1.985309e+35 -3.962209e+35 -1.976900e+35
1.985311e+35 -3.962211e+35 -1.976900e+35
1.985312e+35 -3.962213e+35 -1.976900e+35
1.985313e+35 -3.962214e+35 -1.976900e+35
1.985314e+35 -3.962214e+35 -1.976900e+35
1.985313e+35 -3.962214e+35 -1.976900e+35
1.985312e+35 -3.962213e+35 -1.976900e+35
1.985311e+35 -3.962211e+35 -1.976900e+35
1.985309e+35 -3.962209e+35 -1.976900e+35
1.985306e+35 -3.962206e+35 -1.976900e+35
1.985302e+35 -3.962203e+35 -1.976900e+35
1.985298e+35 -3.962199e+35 -1.976900e+35
1.985293e+35 -3.962194e+35 -1.976900e+35
1.985288e+35 -3.962188e+35 -1.976900e+35
1.985281e+35 -3.962182e+35 -1.976900e+35
1.985274e+35 -3.962175e+35 -1.976900e+35
1.985267e+35 -3.962167e+35 -1.976900e+35
1.985259e+35 -3.962159e+35 -1.976900e+35
1.985250e+35 -3.962150e+35 -1.976900e+35
1.985241e+35 -3.962141e+35 -1.976900e+35
1.985231e+35 -3.962131e+35 -1.976900e+35
1.985220e+35 -3.962120e+35 -1.976900e+35
1.985209e+35 -3.962109e+35 -1.976900e+35
1.985197e+35 -3.962098e+35 -1.976900e+35
1.985185e+35 -3.962086e+35 -1.976900e+35
1.985173e+35 -3.962073e+35 -1.976900e+35
1.985160e+35 -3.962060e+35 -1.976900e+35
1.985146e+35 -3.962047e+35 -1.976900e+35
1.985133e+35 -3.962033e+35 -1.976900e+35
1.985119e+35 -3.962019e+35 -1.976900e+35
1.985105e+35 -3.962005e+35 -1.976900e+35
1.985090e+35 -3.961991e+35 -1.976900e+35
1.985075e+35 -3.961976e+35 -1.976900e+35
1.985061e+35 -3.961961e+35 -1.976900e+35
1.985046e+35 -3.961946e+35 -1.976900e+35
1.985031e+35 -3.961931e+35 -1.976900e+35
1.985016e+35 -3.961916e+35 -1.976900e+35
1.985001e+35 -3.961901e+35 -1.976900e+35
1.984986e+35 -3.961886e+35 -1.976900e+35
1.984971e+35 -3.961871e+35 -1.976900e+35
1.984956e+35 -3.961856e+35 -1.976900e+35
1.984941e+35 -3.961841e+35 -1.976900e+35
1.984926e+35 -3.961827e+35 -1.976900e+35
1.984912e+35 -3.961812e+35 -1.976900e+35
1.984898e+35 -3.961798e+35 -1.976900e+35
1.984884e+35 -3.961784e+35 -1.976900e+35
1.984870e+35 -3.961771e+35 -1.976900e+35
1.984857e+35 -3.961757e+35 -1.976900e+35
1.984844e+35 -3.961744e+35 -1.976900e+35
1.984831e+35 -3.961732e+35 -1.976900e+35
1.984819e+35 -3.961719e+35 -1.976900e+35
1.984807e+35 -3.961708e+35 -1.976900e+35
1.984796e+35 -3.961696e+35 -1.976900e+35
1.984785e+35 -3.961685e+35 -1.976900e+35
1.984774e+35 -3.961674e+35 -1.976900e+35
1.984764e+35 -3.961664e+35 -1.976900e+35
1.984754e+35 -3.961654e+35 -1.976900e+35
1.984745e+35 -3.961645e+35 -1.976900e+35
1.984736e+35 -3.961636e+35 -1.976900e+35
1.984728e+35 -3.961628e+35 -1.976900e+35
1.984720e+35 -3.961620e+35 -1.976900e+35
1.984712e+35 -3.961613e+35 -1.976900e+35
1.984705e+35 -3.961606e+35 -1.976900e+35
1.984699e+35 -3.961599e+35 -1.976900e+35
1.984693e+35 -3.961593e+35 -1.976900e+35
1.984687e+35 -3.961588e+35 -1.976900e+35
1.984682e+35 -3.961582e+35 -1.976901e+35
1.984677e+35 -3.961578e+35 -1.976901e+35
1.984673e+35 -3.961573e+35 -1.976901e+35
1.984669e+35 -3.961569e+35 -1.976901e+35
1.984665e+35 -3.961566e+35 -1.976901e+35
1.984662e+35 -3.961563e+35 -1.976901e+35
1.984659e+35 -3.961560e+35 -1.976901e+35
1.984656e+35 -3.961557e+35 -1.976901e+35
1.984654e+35 -3.961555e+35 -1.976901e+35
1.984652e+35 -3.961553e+35 -1.976901e+35
1.984650e+35 -3.961551e+35 -1.976901e+35
1.984649e+35 -3.961549e+35 -1.976901e+35
1.984647e+35 -3.961548e+35 -1.976901e+35
1.984646e+35 -3.961547e+35 -1.976901e+35
1.984645e+35 -3.961545e+35 -1.976901e+35
1.984644e+35 -3.961544e+35 -1.976901e+35
1.984643e+35 -3.961543e+35 -1.976901e+35
1.984642e+35 -3.961542e+35 -1.976901e+35
1.984641e+35 -3.961542e+35 -1.976901e+35
1.984640e+35 -3.961541e+35 -1.976901e+35
1.984639e+35 -3.961540e+35 -1.976901e+35
1.984638e+35 -3.961539e+35 -1.976901e+35
1.984637e+35 -3.961538e+35 -1.976901e+35
1.984636e+35 -3.961536e+35 -1.976901e+35
1.984634e+35 -3.961535e+35 -1.976901e+35
1.984633e+35 -3.961533e+35 -1.976901e+35
1.984631e+35 -3.961532e+35 -1.976901e+35
1.984629e+35 -3.961530e+35 -1.976901e+35
1.984627e+35 -3.961528e+35 -1.976901e+35
1.984624e+35 -3.961525e+35 -1.976901e+35
1.984622e+35 -3.961523e+35 -1.976901e+35
1.984619e+35 -3.961520e+35 -1.976901e+35
1.984616e+35 -3.961517e+35 -1.976901e+35
1.984613e+35 -3.961513e+35 -1.976901e+35
1.984609e+35 -3.961510e+35 -1.976901e+35
1.984605e+35 -3.961506e+35 -1.976901e+35
1.984601e+35 -3.961502e+35 -1.976901e+35
1.984596e+35 -3.961497e+35 -1.976901e+35
1.984592e+35 -3.961493e+35 -1.976901e+35
1.984587e+35 -3.961488e+35 -1.976901e+35
1.984582e+35 -3.961483e+35 -1.976901e+35
1.984576e+35 -3.961477e+35 -1.976901e+35
1.984571e+35 -3.961472e+35 -1.976901e+35
1.984565e+35 -3.961466e+35 -1.976901e+35
1.984560e+35 -3.961460e+35 -1.976901e+35
1.984554e+35 -3.961455e+35 -1.976901e+35
1.984548e+35 -3.961449e+35 -1.976901e+35
1.984541e+35 -3.961442e+35 -1.976901e+35
1.984535e+35 -3.961436e+35 -1.976901e+35
1.984529e+35 -3.961430e+35 -1.976901e+35
1.984523e+35 -3.961424e+35 -1.976901e+35
1.984517e+35 -3.961418e+35 -1.976901e+35
1.984511e+35 -3.961412e+35 -1.976901e+35
1.984505e+35 -3.961406e+35 -1.976901e+35
1.984499e+35 -3.961400e+35 -1.976901e+35
1.984493e+35 -3.961394e+35 -1.976901e+35
1.984488e+35 -3.961389e+35 -1.976901e+35
1.984483e+35 -3.961384e+35 -1.976901e+35
1.984478e+35 -3.961379e+35 -1.976901e+35
1.984473e+35 -3.961374e+35 -1.976901e+35
1.984468e+35 -3.961369e+35 -1.976901e+35
1.984464e+35 -3.961365e+35 -1.976901e+35
1.984461e+35 -3.961362e+35 -1.976901e+35
1.984457e+35 -3.961358e+35 -1.976901e+35
1.984454e+35 -3.961355e+35 -1.976901e+35
1.984452e+35 -3.961353e+35 -1.976901e+35
1.984449e+35 -3.961350e+35 -1.976901e+35
1.984448e+35 -3.961349e+35 -1.976901e+35
1.984446e+35 -3.961347e+35 -1.976901e+35
1.984446e+35 -3.961347e+35 -1.976901e+35
1.984445e+35 -3.961346e+35 -1.976901e+35
1.984446e+35 -3.961347e+35 -1.976901e+35
1.984446e+35 -3.961347e+35 -1.976901e+35
1.984447e+35 -3.961349e+35 -1.976901e+35
1.984449e+35 -3.961350e+35 -1.976901e+35
1.984451e+35 -3.961353e+35 -1.976901e+35
1.984454e+35 -3.961355e+35 -1.976901e+35
1.984458e+35 -3.961359e+35 -1.976901e+35
1.984461e+35 -3.961362e+35 -1.976901e+35
1.984466e+35 -3.961367e+35 -1.976901e+35
1.984470e+35 -3.961372e+35 -1.976901e+35
1.984476e+35 -3.961377e+35 -1.976901e+35
1.984482e+35 -3.961383e+35 -1.976901e+35
1.984488e+35 -3.961389e+35 -1.976901e+35
1.984494e+35 -3.961396e+35 -1.976901e+35
1.984502e+35 -3.961403e+35 -1.976901e+35
1.984509e+35 -3.961410e+35 -1.976901e+35
1.984517e+35 -3.961418e+35 -1.976901e+35
1.984525e+35 -3.961426e+35 -1.976901e+35
1.984534e+35 -3.961435e+35 -1.976901e+35
1.984543e+35 -3.961444e+35 -1.976901e+35
1.984552e+35 -3.961453e+35 -1.976901e+35
1.984561e+35 -3.961463e+35 -1.976901e+35
1.984571e+35 -3.961472e+35 -1.976901e+35
1.984581e+35 -3.961482e+35 -1.976901e+35
1.984591e+35 -3.961492e+35 -1.976901e+35
1.984601e+35 -3.961502e+35 -1.976901e+35
1.984611e+35 -3.961513e+35 -1.976901e+35
1.984622e+35 -3.961523e+35 -1.976901e+35
1.984632e+35 -3.961533e+35 -1.976901e+35
1.984642e+35 -3.961544e+35 -1.976901e+35
1.984652e+35 -3.961554e+35 -1.976901e+35
1.984662e+35 -3.961564e+35 -1.976901e+35
1.984672e+35 -3.961574e+35 -1.976902e+35
1.984682e+35 -3.961584e+35 -1.976902e+35
1.984692e+35 -3.961593e+35 -1.976902e+35
1.984701e+35 -3.961603e+35 -1.976902e+35
1.984710e+35 -3.961612e+35 -1.976902e+35
1.984719e+35 -3.961621e+35 -1.976902e+35
1.984727e+35 -3.961629e+35 -1.976902e+35
1.984735e+35 -3.961637e+35 -1.976902e+35
1.984743e+35 -3.961645e+35 -1.976902e+35
1.984750e+35 -3.961652e+35 -1.976902e+35
1.984757e+35 -3.961658e+35 -1.976902e+35
1.984763e+35 -3.961665e+35 -1.976902e+35
1.984768e+35 -3.961670e+35 -1.976902e+35
1.984774e+35 -3.961675e+35 -1.976902e+35
1.984778e+35 -3.961680e+35 -1.976902e+35
1.984782e+35 -3.961684e+35 -1.976902e+35
1.984785e+35 -3.961687e+35 -1.976902e+35
1.984788e+35 -3.961690e+35 -1.976902e+35
1.984790e+35 -3.961692e+35 -1.976902e+35
1.984791e+35 -3.961693e+35 -1.976902e+35
1.984792e+35 -3.961694e+35 -1.976902e+35
1.984792e+35 -3.961694e+35 -1.976902e+35
1.984792e+35 -3.961694e+35 -1.976902e+35
1.984791e+35 -3.961692e+35 -1.976902e+35
1.984789e+35 -3.961691e+35 -1.976902e+35
1.984787e+35 -3.961688e+35 -1.976902e+35
1.984784e+35 -3.961686e+35 -1.976902e+35
1.984780e+35 -3.961682e+35 -1.976902e+35
1.984776e+35 -3.961678e+35 -1.976902e+35
1.984772e+35 -3.961673e+35 -1.976902e+35
1.984767e+35 -3.961668e+35 -1.976902e+35
1.984761e+35 -3.961663e+35 -1.976902e+35
1.984755e+35 -3.961657e+35 -1.976902e+35
1.984748e+35 -3.961650e+35 -1.976902e+35
1.984741e+35 -3.961643e+35 -1.976902e+35
1.984734e+35 -3.961636e+35 -1.976902e+35
1.984726e+35 -3.961628e+35 -1.976902e+35
1.984718e+35 -3.961620e+35 -1.976902e+35
1.984710e+35 -3.961612e+35 -1.976902e+35
1.984702e+35 -3.961603e+35 -1.976902e+35
1.984693e+35 -3.961595e+35 -1.976902e+35
1.984684e+35 -3.961586e+35 -1.976902e+35
1.984675e+35 -3.961576e+35 -1.976902e+35
1.984665e+35 -3.961567e+35 -1.976902e+35
1.984656e+35 -3.961558e+35 -1.976902e+35
1.984646e+35 -3.961548e+35 -1.976902e+35
1.984637e+35 -3.961539e+35 -1.976902e+35
1.984627e+35 -3.961529e+35 -1.976902e+35
1.984618e+35 -3.961519e+35 -1.976902e+35
1.984608e+35 -3.961510e+35 -1.976902e+35
1.984598e+35 -3.961500e+35 -1.976902e+35
1.984589e+35 -3.961491e+35 -1.976902e+35
1.984579e+35 -3.961481e+35 -1.976902e+35
1.984570e+35 -3.961472e+35 -1.976902e+35
1.984561e+35 -3.961463e+35 -1.976902e+35
1.984552e+35 -3.961454e+35 -1.976902e+35
1.984543e+35 -3.961445e+35 -1.976902e+35
1.984534e+35 -3.961436e+35 -1.976902e+35
1.984526e+35 -3.961427e+35 -1.976902e+35
1.984517e+35 -3.961419e+35 -1.976902e+35
1.984509e+35 -3.961411e+35 -1.976902e+35
1.984501e+35 -3.961403e+35 -1.976902e+35
1.984493e+35 -3.961395e+35 -1.976902e+35
1.984486e+35 -3.961387e+35 -1.976902e+35
1.984478e+35 -3.961380e+35 -1.976902e+35
1.984471e+35 -3.961373e+35 -1.976902e+35
1.984464e+35 -3.961366e+35 -1.976902e+35
1.984457e+35 -3.961359e+35 -1.976902e+35
1.984451e+35 -3.961353e+35 -1.976902e+35
1.984444e+35 -3.961346e+35 -1.976902e+35
1.984438e+35 -3.961340e+35 -1.976902e+35
1.984432e+35 -3.961334e+35 -1.976902e+35
1.984426e+35 -3.961328e+35 -1.976902e+35
1.984421e+35 -3.961323e+35 -1.976902e+35
1.984415e+35 -3.961317e+35 -1.976902e+35
1.984410e+35 -3.961311e+35 -1.976902e+35
1.984404e+35 -3.961306e+35 -1.976902e+35
1.984399e+35 -3.961301e+35 -1.976902e+35
1.984394e+35 -3.961296e+35 -1.976902e+35
