1.052458e+03, 0.000000e+00
5.819844e+10, 4.095360e+09
1.076693e+11, 3.025728e+09
1.495779e+11, 2.572992e+09
2.273824e+11, 2.079648e+09
7.779192e+11, 1.129248e+09
1.433168e+12, 8.363520e+08
2.875312e+12, 5.875200e+08
4.495480e+12, 4.691520e+08

3.157155e+03, 1.395744e+01
5.776246e+10, 8.170283e+09
1.075412e+11, 6.049057e+09
1.495114e+11, 5.145222e+09
2.273537e+11, 4.159121e+09
7.779167e+11, 2.258494e+09
1.433167e+12, 1.672704e+09
2.875312e+12, 1.175040e+09
4.495480e+12, 9.383040e+08

5.261192e+03, 4.185198e+01
5.703817e+10, 1.220443e+10
1.073278e+11, 9.067588e+09
1.494008e+11, 7.715930e+09
2.273058e+11, 6.238243e+09
7.779126e+11, 3.387734e+09
1.433166e+12, 2.509055e+09
2.875311e+12, 1.762560e+09
4.495480e+12, 1.407456e+09

7.364134e+03, 8.364293e+01
5.602906e+10, 1.617762e+10
1.070294e+11, 1.207893e+10
1.492459e+11, 1.028435e+10
2.272387e+11, 8.316839e+09
7.779069e+11, 4.516968e+09
1.433164e+12, 3.345405e+09
2.875311e+12, 2.350080e+09
4.495480e+12, 1.876608e+09

9.465544e+03, 1.392694e+02
5.474001e+10, 2.006999e+10
1.066460e+11, 1.508069e+10
1.490468e+11, 1.284973e+10
2.271525e+11, 1.039473e+10
7.778995e+11, 5.646192e+09
1.433162e+12, 4.181754e+09
2.875310e+12, 2.937600e+09
4.495479e+12, 2.345760e+09

1.156499e+04, 2.086503e+02
5.317724e+10, 2.386200e+10
1.061781e+11, 1.807049e+10
1.488037e+11, 1.541131e+10
2.270472e+11, 1.247175e+10
7.778905e+11, 6.775405e+09
1.433159e+12, 5.018102e+09
2.875310e+12, 3.525119e+09
4.495479e+12, 2.814912e+09

1.366205e+04, 2.916848e+02
5.134834e+10, 2.753459e+10
1.056259e+11, 2.104596e+10
1.485165e+11, 1.796832e+10
2.269227e+11, 1.454772e+10
7.778799e+11, 7.904603e+09
1.433156e+12, 5.854448e+09
2.875309e+12, 4.112639e+09
4.495479e+12, 3.284064e+09

1.575630e+04, 3.882519e+02
4.926218e+10, 3.106923e+10
1.049900e+11, 2.400473e+10
1.481853e+11, 2.052002e+10
2.267791e+11, 1.662246e+10
7.778676e+11, 9.033784e+09
1.433152e+12, 6.690792e+09
2.875308e+12, 4.700158e+09
4.495478e+12, 3.753216e+09

1.784732e+04, 4.982115e+02
4.692892e+10, 3.444802e+10
1.042708e+11, 2.694446e+10
1.478103e+11, 2.306564e+10
2.266163e+11, 1.869580e+10
7.778537e+11, 1.016295e+10
1.433148e+12, 7.527134e+09
2.875307e+12, 5.287677e+09
4.495478e+12, 4.222367e+09

1.993471e+04, 6.214042e+02
4.435994e+10, 3.765377e+10
1.034689e+11, 2.986281e+10
1.473915e+11, 2.560444e+10
2.264345e+11, 2.076757e+10
7.778382e+11, 1.129209e+10
1.433144e+12, 8.363474e+09
2.875306e+12, 5.875196e+09
4.495478e+12, 4.691519e+09

2.201807e+04, 7.576515e+02
4.156780e+10, 4.067011e+10
1.025848e+11, 3.275747e+10
1.469291e+11, 2.813566e+10
2.262336e+11, 2.283758e+10
7.778210e+11, 1.242120e+10
1.433139e+12, 9.199810e+09
2.875305e+12, 6.462715e+09
4.495477e+12, 5.160671e+09

2.409701e+04, 9.067566e+02
3.856622e+10, 4.348152e+10
1.016194e+11, 3.562613e+10
1.464232e+11, 3.065855e+10
2.260136e+11, 2.490567e+10
7.778021e+11, 1.355030e+10
1.433133e+12, 1.003614e+10
2.875303e+12, 7.050233e+09
4.495476e+12, 5.629823e+09

2.617115e+04, 1.068505e+03
3.536998e+10, 4.607346e+10
1.005734e+11, 3.846652e+10
1.458739e+11, 3.317236e+10
2.257746e+11, 2.697166e+10
7.777817e+11, 1.467936e+10
1.433127e+12, 1.087247e+10
2.875302e+12, 7.637751e+09
4.495476e+12, 6.098974e+09

2.824013e+04, 1.242664e+03
3.199488e+10, 4.843241e+10
9.944746e+10, 4.127638e+10
1.452815e+11, 3.567635e+10
2.255166e+11, 2.903538e+10
7.777596e+11, 1.580839e+10
1.433121e+12, 1.170880e+10
2.875300e+12, 8.225269e+09
4.495475e+12, 6.568126e+09

3.030360e+04, 1.428985e+03
2.845766e+10, 5.054595e+10
9.824262e+10, 4.405347e+10
1.446461e+11, 3.816979e+10
2.252395e+11, 3.109665e+10
7.777359e+11, 1.693739e+10
1.433113e+12, 1.254512e+10
2.875298e+12, 8.812786e+09
4.495474e+12, 7.037277e+09

3.236121e+04, 1.627202e+03
2.477596e+10, 5.240285e+10
9.695978e+10, 4.679558e+10
1.439679e+11, 4.065193e+10
2.249435e+11, 3.315529e+10
7.777105e+11, 1.806635e+10
1.433106e+12, 1.338144e+10
2.875297e+12, 9.400303e+09
4.495474e+12, 7.506429e+09

3.441264e+04, 1.837034e+03
2.096819e+10, 5.399311e+10
9.559995e+10, 4.950053e+10
1.432470e+11, 4.312203e+10
2.246285e+11, 3.521115e+10
7.776835e+11, 1.919528e+10
1.433098e+12, 1.421776e+10
2.875295e+12, 9.987820e+09
4.495473e+12, 7.975580e+09

3.645757e+04, 2.058186e+03
1.705349e+10, 5.530801e+10
9.416419e+10, 5.216616e+10
1.424838e+11, 4.557937e+10
2.242945e+11, 3.726403e+10
7.776548e+11, 2.032416e+10
1.433089e+12, 1.505406e+10
2.875293e+12, 1.057534e+10
4.495472e+12, 8.444731e+09

3.849573e+04, 2.290349e+03
1.305163e+10, 5.634022e+10
9.265363e+10, 5.479035e+10
1.416784e+11, 4.802322e+10
2.239417e+11, 3.931377e+10
7.776246e+11, 2.145300e+10
1.433081e+12, 1.589037e+10
2.875290e+12, 1.116285e+10
4.495471e+12, 8.913882e+09

4.052683e+04, 2.533201e+03
8.982895e+09, 5.708377e+10
9.106945e+10, 5.737101e+10
1.408310e+11, 5.045285e+10
2.235699e+11, 4.136020e+10
7.775926e+11, 2.258180e+10
1.433071e+12, 1.672667e+10
2.875288e+12, 1.175037e+10
4.495470e+12, 9.383033e+09

4.255062e+04, 2.786406e+03
4.868034e+09, 5.753415e+10
8.941290e+10, 5.990607e+10
1.399420e+11, 5.286755e+10
2.231794e+11, 4.340314e+10
7.775591e+11, 2.371055e+10
1.433061e+12, 1.756296e+10
2.875285e+12, 1.233788e+10
4.495469e+12, 9.852184e+09

4.456686e+04, 3.049622e+03
7.281149e+08, 5.768835e+10
8.768528e+10, 6.239351e+10
1.390115e+11, 5.526659e+10
2.227700e+11, 4.544242e+10
7.775239e+11, 2.483925e+10
1.433051e+12, 1.839925e+10
2.875283e+12, 1.292540e+10
4.495468e+12, 1.032133e+10

4.657534e+04, 3.322493e+03
-3.415560e+09, 5.754484e+10
8.588795e+10, 6.483135e+10
1.380399e+11, 5.764928e+10
2.223418e+11, 4.747787e+10
7.774871e+11, 2.596789e+10
1.433040e+12, 1.923553e+10
2.875280e+12, 1.351291e+10
4.495467e+12, 1.079049e+10

4.857584e+04, 3.604657e+03
-7.541563e+09, 5.710365e+10
8.402231e+10, 6.721762e+10
1.370274e+11, 6.001490e+10
2.218949e+11, 4.950931e+10
7.774486e+11, 2.709648e+10
1.433028e+12, 2.007180e+10
2.875277e+12, 1.410042e+10
4.495466e+12, 1.125964e+10

5.056822e+04, 3.895746e+03
-1.162845e+10, 5.636632e+10
8.208984e+10, 6.955043e+10
1.359744e+11, 6.236276e+10
2.214293e+11, 5.153658e+10
7.774085e+11, 2.822502e+10
1.433017e+12, 2.090807e+10
2.875274e+12, 1.468794e+10
4.495465e+12, 1.172879e+10

5.255229e+04, 4.195384e+03
-1.565490e+10, 5.533599e+10
8.009206e+10, 7.182789e+10
1.348811e+11, 6.469216e+10
2.209450e+11, 5.355950e+10
7.773668e+11, 2.935349e+10
1.433004e+12, 2.174433e+10
2.875271e+12, 1.527545e+10
4.495463e+12, 1.219794e+10

5.452795e+04, 4.503193e+03
-1.959976e+10, 5.401733e+10
7.803053e+10, 7.404819e+10
1.337479e+11, 6.700240e+10
2.204420e+11, 5.557791e+10
7.773234e+11, 3.048191e+10
1.432991e+12, 2.258058e+10
2.875268e+12, 1.586296e+10
4.495462e+12, 1.266709e+10

5.649507e+04, 4.818791e+03
-2.344227e+10, 5.241655e+10
7.590690e+10, 7.620954e+10
1.325751e+11, 6.929281e+10
2.199205e+11, 5.759163e+10
7.772784e+11, 3.161026e+10
1.432978e+12, 2.341683e+10
2.875265e+12, 1.645047e+10
4.495461e+12, 1.313624e+10

5.845357e+04, 5.141797e+03
-2.716206e+10, 5.054139e+10
7.372281e+10, 7.831021e+10
1.313630e+11, 7.156271e+10
2.193805e+11, 5.960049e+10
7.772318e+11, 3.273854e+10
1.432964e+12, 2.425307e+10
2.875261e+12, 1.703798e+10
4.495459e+12, 1.360539e+10

6.040339e+04, 5.471830e+03
-3.073935e+10, 4.840109e+10
7.148001e+10, 8.034849e+10
1.301121e+11, 7.381142e+10
2.188219e+11, 6.160432e+10
7.771835e+11, 3.386675e+10
1.432950e+12, 2.508930e+10
2.875258e+12, 1.762549e+10
4.495458e+12, 1.407454e+10

6.234448e+04, 5.808511e+03
-3.415503e+10, 4.600633e+10
6.918026e+10, 8.232276e+10
1.288226e+11, 7.603828e+10
2.182449e+11, 6.360296e+10
7.771336e+11, 3.499490e+10
1.432935e+12, 2.592552e+10
2.875254e+12, 1.821300e+10
4.495456e+12, 1.454369e+10

6.427683e+04, 6.151464e+03
-3.739080e+10, 4.336922e+10
6.682538e+10, 8.423142e+10
1.274950e+11, 7.824262e+10
2.176494e+11, 6.559623e+10
7.770821e+11, 3.612297e+10
1.432920e+12, 2.676173e+10
2.875250e+12, 1.880051e+10
4.495455e+12, 1.501284e+10

6.620043e+04, 6.500320e+03
-4.042921e+10, 4.050321e+10
6.441721e+10, 8.607292e+10
1.261297e+11, 8.042381e+10
2.170357e+11, 6.758396e+10
7.770289e+11, 3.725096e+10
1.432904e+12, 2.759794e+10
2.875247e+12, 1.938801e+10
4.495453e+12, 1.548199e+10

6.811531e+04, 6.854718e+03
-4.325386e+10, 3.742304e+10
6.195768e+10, 8.784577e+10
1.247270e+11, 8.258118e+10
2.164036e+11, 6.956600e+10
7.769741e+11, 3.837887e+10
1.432888e+12, 2.843413e+10
2.875243e+12, 1.997552e+10
4.495452e+12, 1.595113e+10

7.002151e+04, 7.214304e+03
-4.584942e+10, 3.414467e+10
5.944873e+10, 8.954855e+10
1.232874e+11, 8.471411e+10
2.157532e+11, 7.154216e+10
7.769176e+11, 3.950671e+10
1.432871e+12, 2.927032e+10
2.875238e+12, 2.056303e+10
4.495450e+12, 1.642028e+10

7.191909e+04, 7.578735e+03
-4.820177e+10, 3.068518e+10
5.689233e+10, 9.117986e+10
1.218113e+11, 8.682195e+10
2.150847e+11, 7.351229e+10
7.768595e+11, 4.063446e+10
1.432854e+12, 3.010649e+10
2.875234e+12, 2.115053e+10
4.495448e+12, 1.688943e+10

7.380815e+04, 7.947680e+03
-5.029808e+10, 2.706270e+10
5.429052e+10, 9.273838e+10
1.202992e+11, 8.890409e+10
2.143979e+11, 7.547622e+10
7.767998e+11, 4.176212e+10
1.432836e+12, 3.094266e+10
2.875230e+12, 2.173803e+10
4.495446e+12, 1.735858e+10

7.568877e+04, 8.320821e+03
-5.212688e+10, 2.329628e+10
5.164536e+10, 9.422284e+10
1.187514e+11, 9.095990e+10
2.136932e+11, 7.743377e+10
7.767385e+11, 4.288970e+10
1.432818e+12, 3.177881e+10
2.875225e+12, 2.232554e+10
4.495445e+12, 1.782773e+10

7.756107e+04, 8.697854e+03
-5.367815e+10, 1.940584e+10
4.895894e+10, 9.563204e+10
1.171684e+11, 9.298879e+10
2.129703e+11, 7.938479e+10
7.766755e+11, 4.401719e+10
1.432799e+12, 3.261496e+10
2.875221e+12, 2.291304e+10
4.495443e+12, 1.829688e+10

7.942519e+04, 9.078491e+03
-5.494335e+10, 1.541197e+10
4.623340e+10, 9.696481e+10
1.155508e+11, 9.499014e+10
2.122295e+11, 8.132911e+10
7.766108e+11, 4.514458e+10
1.432780e+12, 3.345109e+10
2.875216e+12, 2.350054e+10
4.495441e+12, 1.876603e+10

8.128126e+04, 9.462462e+03
-5.591554e+10, 1.133592e+10
4.347090e+10, 9.822006e+10
1.138990e+11, 9.696337e+10
2.114708e+11, 8.326656e+10
7.765446e+11, 4.627188e+10
1.432761e+12, 3.428721e+10
2.875211e+12, 2.408804e+10
4.495439e+12, 1.923517e+10

8.312945e+04, 9.849510e+03
-5.658935e+10, 7.199370e+09
4.067365e+10, 9.939677e+10
1.122134e+11, 9.890788e+10
2.106943e+11, 8.519699e+10
7.764767e+11, 4.739908e+10
1.432741e+12, 3.512332e+10
2.875206e+12, 2.467554e+10
4.495437e+12, 1.970432e+10

8.496993e+04, 1.023940e+04
-5.696107e+10, 3.024392e+09
3.784385e+10, 1.004940e+11
1.104946e+11, 1.008231e+11
2.098999e+11, 8.712022e+10
7.764072e+11, 4.852618e+10
1.432720e+12, 3.595942e+10
2.875201e+12, 2.526304e+10
4.495435e+12, 2.017347e+10

8.680285e+04, 1.063192e+04
-5.702864e+10, -1.166735e+09
3.498377e+10, 1.015107e+11
1.087431e+11, 1.027085e+11
2.090879e+11, 8.903610e+10
7.763360e+11, 4.965318e+10
1.432699e+12, 3.679551e+10
2.875196e+12, 2.585053e+10
4.495432e+12, 2.064262e+10

8.862842e+04, 1.102687e+04
-5.679170e+10, -5.351632e+09
3.209568e+10, 1.024462e+11
1.069594e+11, 1.045634e+11
2.082581e+11, 9.094446e+10
7.762632e+11, 5.078008e+10
1.432677e+12, 3.763158e+10
2.875190e+12, 2.643803e+10
4.495430e+12, 2.111176e+10

9.044682e+04, 1.142406e+04
-5.625155e+10, -9.507956e+09
2.918190e+10, 1.032996e+11
1.051441e+11, 1.063874e+11
2.074108e+11, 9.284514e+10
7.761888e+11, 5.190687e+10
1.432655e+12, 3.846764e+10
2.875185e+12, 2.702552e+10
4.495428e+12, 2.158091e+10

9.225823e+04, 1.182335e+04
-5.541117e+10, -1.361353e+10
2.624473e+10, 1.040703e+11
1.032976e+11, 1.081799e+11
2.065460e+11, 9.473797e+10
7.761127e+11, 5.303355e+10
1.432633e+12, 3.930369e+10
2.875179e+12, 2.761302e+10
4.495426e+12, 2.205006e+10

9.406286e+04, 1.222459e+04
-5.427520e+10, -1.764649e+10
2.328653e+10, 1.047576e+11
1.014205e+11, 1.099404e+11
2.056638e+11, 9.662281e+10
7.760351e+11, 5.416011e+10
1.432610e+12, 4.013973e+10
2.875174e+12, 2.820051e+10
4.495423e+12, 2.251920e+10

9.586089e+04, 1.262766e+04
-5.284989e+10, -2.158538e+10
2.030965e+10, 1.053608e+11
9.951336e+10, 1.116683e+11
2.047642e+11, 9.849949e+10
7.759557e+11, 5.528657e+10
1.432586e+12, 4.097575e+10
2.875168e+12, 2.878800e+10
4.495421e+12, 2.298835e+10

9.765251e+04, 1.303247e+04
-5.114308e+10, -2.540929e+10
1.731649e+10, 1.058796e+11
9.757677e+10, 1.133631e+11
2.038472e+11, 1.003678e+11
7.758748e+11, 5.641290e+10
1.432562e+12, 4.181176e+10
2.875162e+12, 2.937549e+10
4.495419e+12, 2.345749e+10

9.943792e+04, 1.343892e+04
-4.916414e+10, -2.909800e+10
1.430944e+10, 1.063133e+11
9.561129e+10, 1.150244e+11
2.029131e+11, 1.022277e+11
7.757922e+11, 5.753912e+10
1.432538e+12, 4.264775e+10
2.875156e+12, 2.996298e+10
4.495416e+12, 2.392664e+10

1.012173e+05, 1.384695e+04
-4.692391e+10, -3.263206e+10
1.129090e+10, 1.066618e+11
9.361749e+10, 1.166516e+11
2.019618e+11, 1.040790e+11
7.757080e+11, 5.866522e+10
1.432513e+12, 4.348373e+10
2.875149e+12, 3.055047e+10
4.495414e+12, 2.439578e+10

1.029908e+05, 1.425652e+04
-4.443461e+10, -3.599292e+10
8.263294e+09, 1.069245e+11
9.159598e+10, 1.182443e+11
2.009935e+11, 1.059214e+11
7.756221e+11, 5.979119e+10
1.432487e+12, 4.431970e+10
2.875143e+12, 3.113795e+10
4.495411e+12, 2.486493e+10

1.047586e+05, 1.466758e+04
-4.170983e+10, -3.916303e+10
5.229051e+09, 1.071014e+11
8.954733e+10, 1.198019e+11
2.000082e+11, 1.077549e+11
7.755346e+11, 6.091704e+10
1.432461e+12, 4.515565e+10
2.875137e+12, 3.172544e+10
4.495408e+12, 2.533407e+10

1.065209e+05, 1.508013e+04
-3.876434e+10, -4.212592e+10
2.190608e+09, 1.071922e+11
8.747217e+10, 1.213240e+11
1.990060e+11, 1.095793e+11
7.754455e+11, 6.204276e+10
1.432435e+12, 4.599158e+10
2.875130e+12, 3.231292e+10
4.495406e+12, 2.580322e+10

1.082778e+05, 1.549415e+04
-3.561409e+10, -4.486630e+10
-8.495944e+08, 1.071967e+11
8.537110e+10, 1.228103e+11
1.979869e+11, 1.113944e+11
7.753548e+11, 6.316835e+10
1.432408e+12, 4.682750e+10
2.875124e+12, 3.290041e+10
4.495403e+12, 2.627236e+10

1.100295e+05, 1.590966e+04
-3.227608e+10, -4.737013e+10
-3.889111e+09, 1.071151e+11
8.324475e+10, 1.242601e+11
1.969512e+11, 1.132001e+11
7.752624e+11, 6.429380e+10
1.432381e+12, 4.766341e+10
2.875117e+12, 3.348789e+10
4.495400e+12, 2.674151e+10

1.117760e+05, 1.632666e+04
-2.876825e+10, -4.962471e+10
-6.925496e+09, 1.069472e+11
8.109375e+10, 1.256731e+11
1.958988e+11, 1.149963e+11
7.751684e+11, 6.541912e+10
1.432353e+12, 4.849930e+10
2.875110e+12, 3.407537e+10
4.495397e+12, 2.721065e+10

1.135176e+05, 1.674519e+04
-2.510935e+10, -5.161873e+10
-9.956304e+09, 1.066933e+11
7.891873e+10, 1.270490e+11
1.948298e+11, 1.167827e+11
7.750727e+11, 6.654431e+10
1.432325e+12, 4.933517e+10
2.875103e+12, 3.466284e+10
4.495394e+12, 2.767979e+10

1.152542e+05, 1.716528e+04
-2.131889e+10, -5.334229e+10
-1.297909e+10, 1.063534e+11
7.672033e+10, 1.283871e+11
1.937443e+11, 1.185592e+11
7.749754e+11, 6.766935e+10
1.432296e+12, 5.017102e+10
2.875096e+12, 3.525032e+10
4.495392e+12, 2.814894e+10

1.169860e+05, 1.758697e+04
-1.741697e+10, -5.478698e+10
-1.599142e+10, 1.059278e+11
7.449921e+10, 1.296873e+11
1.926425e+11, 1.203257e+11
7.748765e+11, 6.879425e+10
1.432266e+12, 5.100686e+10
2.875088e+12, 3.583780e+10
4.495389e+12, 2.861808e+10

1.187131e+05, 1.801032e+04
-1.342422e+10, -5.594592e+10
-1.899085e+10, 1.054169e+11
7.225603e+10, 1.309490e+11
1.915244e+11, 1.220821e+11
7.747760e+11, 6.991901e+10
1.432237e+12, 5.184268e+10
2.875081e+12, 3.642527e+10
4.495386e+12, 2.908722e+10

1.204356e+05, 1.843536e+04
-9.361602e+09, -5.681375e+10
-2.197497e+10, 1.048209e+11
6.999144e+10, 1.321720e+11
1.903901e+11, 1.238281e+11
7.746738e+11, 7.104361e+10
1.432206e+12, 5.267849e+10
2.875073e+12, 3.701274e+10
4.495382e+12, 2.955636e+10

1.221533e+05, 1.886216e+04
-5.250390e+09, -5.738665e+10
-2.494136e+10, 1.041404e+11
6.770613e+10, 1.333558e+11
1.892397e+11, 1.255636e+11
7.745700e+11, 7.216807e+10
1.432176e+12, 5.351427e+10
2.875066e+12, 3.760021e+10
4.495379e+12, 3.002551e+10

1.238665e+05, 1.929076e+04
-1.111987e+09, -5.766237e+10
-2.788762e+10, 1.033758e+11
6.540075e+10, 1.345001e+11
1.880733e+11, 1.272885e+11
7.744646e+11, 7.329238e+10
1.432144e+12, 5.435004e+10
2.875058e+12, 3.818768e+10
4.495376e+12, 3.049465e+10

1.255751e+05, 1.972123e+04
3.032164e+09, -5.764022e+10
-3.081137e+10, 1.025278e+11
6.307601e+10, 1.356045e+11
1.868909e+11, 1.290027e+11
7.743576e+11, 7.441653e+10
1.432113e+12, 5.518579e+10
2.875050e+12, 3.877515e+10
4.495373e+12, 3.096379e+10

1.272792e+05, 2.015362e+04
7.160690e+09, -5.732102e+10
-3.371022e+10, 1.015970e+11
6.073258e+10, 1.366688e+11
1.856928e+11, 1.307059e+11
7.742489e+11, 7.554053e+10
1.432080e+12, 5.602152e+10
2.875042e+12, 3.936262e+10
4.495370e+12, 3.143293e+10

1.289786e+05, 2.058796e+04
1.125241e+10, -5.670714e+10
-3.658184e+10, 1.005841e+11
5.837116e+10, 1.376926e+11
1.844789e+11, 1.323981e+11
7.741386e+11, 7.666436e+10
1.432048e+12, 5.685724e+10
2.875034e+12, 3.995008e+10
4.495366e+12, 3.190207e+10

1.306735e+05, 2.102433e+04
1.528642e+10, -5.580244e+10
-3.942389e+10, 9.948984e+10
5.599245e+10, 1.386756e+11
1.832495e+11, 1.340790e+11
7.740266e+11, 7.778804e+10
1.432014e+12, 5.769293e+10
2.875026e+12, 4.053754e+10
4.495363e+12, 3.237121e+10

1.323638e+05, 2.146275e+04
1.924222e+10, -5.461222e+10
-4.223406e+10, 9.831519e+10
5.359715e+10, 1.396175e+11
1.820045e+11, 1.357486e+11
7.739130e+11, 7.891155e+10
1.431981e+12, 5.852860e+10
2.875018e+12, 4.112500e+10
4.495360e+12, 3.284035e+10

1.340493e+05, 2.190326e+04
2.309979e+10, -5.314322e+10
-4.501007e+10, 9.706101e+10
5.118598e+10, 1.405180e+11
1.807441e+11, 1.374068e+11
7.737978e+11, 8.003490e+10
1.431947e+12, 5.936426e+10
2.875009e+12, 4.171246e+10
4.495356e+12, 3.330949e+10

1.357302e+05, 2.234589e+04
2.683972e+10, -5.140356e+10
-4.774966e+10, 9.572829e+10
4.875964e+10, 1.413770e+11
1.794684e+11, 1.390532e+11
7.736810e+11, 8.115807e+10
1.431912e+12, 6.019989e+10
2.875000e+12, 4.229992e+10
4.495353e+12, 3.377863e+10

1.374063e+05, 2.279067e+04
3.044326e+10, -4.940267e+10
-5.045058e+10, 9.431808e+10
4.631886e+10, 1.421940e+11
1.781775e+11, 1.406880e+11
7.735626e+11, 8.228108e+10
1.431877e+12, 6.103551e+10
2.874992e+12, 4.288738e+10
4.495349e+12, 3.424777e+10

1.390775e+05, 2.323761e+04
3.389240e+10, -4.715123e+10
-5.311066e+10, 9.283150e+10
4.386435e+10, 1.429689e+11
1.768716e+11, 1.423107e+11
7.734425e+11, 8.340391e+10
1.431841e+12, 6.187110e+10
2.874983e+12, 4.347483e+10
4.495345e+12, 3.471690e+10

1.407438e+05, 2.368673e+04
3.717001e+10, -4.466116e+10
-5.572771e+10, 9.126972e+10
4.139685e+10, 1.437014e+11
1.755506e+11, 1.439215e+11
7.733208e+11, 8.452657e+10
1.431805e+12, 6.270668e+10
2.874974e+12, 4.406228e+10
4.495342e+12, 3.518604e+10

1.424051e+05, 2.413801e+04
4.025986e+10, -4.194547e+10
-5.829960e+10, 8.963397e+10
3.891708e+10, 1.443913e+11
1.742148e+11, 1.455200e+11
7.731974e+11, 8.564905e+10
1.431769e+12, 6.354223e+10
2.874965e+12, 4.464973e+10
4.495338e+12, 3.565518e+10

1.440613e+05, 2.459144e+04
4.314671e+10, -3.901828e+10
-6.082422e+10, 8.792557e+10
3.642579e+10, 1.450385e+11
1.728642e+11, 1.471062e+11
7.730725e+11, 8.677135e+10
1.431732e+12, 6.437776e+10
2.874956e+12, 4.523718e+10
4.495334e+12, 3.612432e+10

1.457123e+05, 2.504701e+04
4.581636e+10, -3.589467e+10
-6.329953e+10, 8.614587e+10
3.392370e+10, 1.456427e+11
1.714990e+11, 1.486800e+11
7.729459e+11, 8.789346e+10
1.431694e+12, 6.521327e+10
2.874946e+12, 4.582463e+10
4.495330e+12, 3.659345e+10

1.473580e+05, 2.550469e+04
4.825573e+10, -3.259065e+10
-6.572348e+10, 8.429629e+10
3.141156e+10, 1.462037e+11
1.701193e+11, 1.502411e+11
7.728177e+11, 8.901539e+10
1.431656e+12, 6.604876e+10
2.874937e+12, 4.641207e+10
4.495327e+12, 3.706259e+10

1.489982e+05, 2.596442e+04
5.045290e+10, -2.912305e+10
-6.809410e+10, 8.237831e+10
2.889011e+10, 1.467214e+11
1.687251e+11, 1.517895e+11
7.726878e+11, 9.013714e+10
1.431617e+12, 6.688422e+10
2.874927e+12, 4.699952e+10
4.495323e+12, 3.753172e+10

1.506330e+05, 2.642616e+04
5.239717e+10, -2.550946e+10
-7.040945e+10, 8.039346e+10
2.636011e+10, 1.471956e+11
1.673166e+11, 1.533251e+11
7.725563e+11, 9.125869e+10
1.431578e+12, 6.771967e+10
2.874918e+12, 4.758696e+10
4.495319e+12, 3.800086e+10

1.522621e+05, 2.688983e+04
5.407908e+10, -2.176815e+10
-7.266763e+10, 7.834333e+10
2.382229e+10, 1.476262e+11
1.658940e+11, 1.548476e+11
7.724232e+11, 9.238005e+10
1.431539e+12, 6.855509e+10
2.874908e+12, 4.817440e+10
4.495315e+12, 3.847000e+10

1.538855e+05, 2.735538e+04
5.549049e+10, -1.791795e+10
-7.486678e+10, 7.622957e+10
2.127742e+10, 1.480131e+11
1.644573e+11, 1.563571e+11
7.722885e+11, 9.350122e+10
1.431499e+12, 6.939048e+10
2.874898e+12, 4.876183e+10
4.495311e+12, 3.893913e+10

1.555030e+05, 2.782269e+04
5.662455e+10, -1.397819e+10
-7.700511e+10, 7.405389e+10
1.872624e+10, 1.483560e+11
1.630066e+11, 1.578532e+11
7.721522e+11, 9.462219e+10
1.431459e+12, 7.022586e+10
2.874888e+12, 4.934927e+10
4.495307e+12, 3.940826e+10

1.571145e+05, 2.829169e+04
5.747579e+10, -9.968616e+09
-7.908085e+10, 7.181801e+10
1.616951e+10, 1.486550e+11
1.615421e+11, 1.593360e+11
7.720142e+11, 9.574296e+10
1.431418e+12, 7.106121e+10
2.874878e+12, 4.993670e+10
4.495302e+12, 3.987740e+10

1.587200e+05, 2.876225e+04
5.804008e+10, -5.909272e+09
-8.109231e+10, 6.952376e+10
1.360799e+10, 1.489100e+11
1.600639e+11, 1.608052e+11
7.718746e+11, 9.686353e+10
1.431376e+12, 7.189654e+10
2.874868e+12, 5.052413e+10
4.495298e+12, 4.034653e+10

1.603192e+05, 2.923425e+04
5.831471e+10, -1.820434e+09
-8.303782e+10, 6.717298e+10
1.104244e+10, 1.491208e+11
1.585722e+11, 1.622608e+11
7.717334e+11, 9.798390e+10
1.431334e+12, 7.273184e+10
2.874857e+12, 5.111156e+10
4.495294e+12, 4.081566e+10

1.619122e+05, 2.970756e+04
5.829835e+10, 2.277487e+09
-8.491579e+10, 6.476756e+10
8.473620e+09, 1.492874e+11
1.570670e+11, 1.637027e+11
7.715905e+11, 9.910406e+10
1.431292e+12, 7.356712e+10
2.874847e+12, 5.169899e+10
4.495290e+12, 4.128480e+10

1.634987e+05, 3.018204e+04
5.799108e+10, 6.364045e+09
-8.672468e+10, 6.230944e+10
5.902289e+09, 1.494097e+11
1.555484e+11, 1.651306e+11
7.714461e+11, 1.002240e+11
1.431249e+12, 7.440237e+10
2.874836e+12, 5.228641e+10
4.495285e+12, 4.175393e+10

1.650787e+05, 3.065752e+04
5.739438e+10, 1.041884e+10
-8.846299e+10, 5.980062e+10
3.329209e+09, 1.494878e+11
1.540167e+11, 1.665445e+11
7.713000e+11, 1.013438e+11
1.431206e+12, 7.523760e+10
2.874825e+12, 5.287383e+10
4.495281e+12, 4.222306e+10

1.666521e+05, 3.113384e+04
5.651113e+10, 1.442162e+10
-9.012929e+10, 5.724313e+10
7.551444e+08, 1.495215e+11
1.524719e+11, 1.679443e+11
7.711523e+11, 1.024633e+11
1.431162e+12, 7.607280e+10
2.874814e+12, 5.346125e+10
4.495276e+12, 4.269219e+10

1.682188e+05, 3.161081e+04
5.534558e+10, 1.835235e+10
-9.172222e+10, 5.463903e+10
-1.819142e+09, 1.495109e+11
1.509141e+11, 1.693298e+11
7.710029e+11, 1.035826e+11
1.431117e+12, 7.690798e+10
2.874803e+12, 5.404867e+10
4.495272e+12, 4.316132e+10

1.697788e+05, 3.208826e+04
5.390337e+10, 2.219135e+10
-9.324045e+10, 5.199044e+10
-4.392888e+09, 1.494560e+11
1.493435e+11, 1.707010e+11
7.708520e+11, 1.047017e+11
1.431073e+12, 7.774313e+10
2.874792e+12, 5.463609e+10
4.495267e+12, 4.363045e+10

1.713318e+05, 3.256597e+04
5.219149e+10, 2.591932e+10
-9.468273e+10, 4.929950e+10
-6.965330e+09, 1.493568e+11
1.477603e+11, 1.720576e+11
7.706994e+11, 1.058206e+11
1.431027e+12, 7.857826e+10
2.874781e+12, 5.522350e+10
4.495263e+12, 4.409958e+10

1.728779e+05, 3.304374e+04
5.021823e+10, 2.951749e+10
-9.604788e+10, 4.656840e+10
-9.535705e+09, 1.492133e+11
1.461645e+11, 1.733997e+11
7.705452e+11, 1.069392e+11
1.430982e+12, 7.941336e+10
2.874770e+12, 5.581091e+10
4.495258e+12, 4.456871e+10

1.744170e+05, 3.352134e+04
4.799320e+10, 3.296767e+10
-9.733476e+10, 4.379935e+10
-1.210325e+10, 1.490256e+11
1.445562e+11, 1.747269e+11
7.703894e+11, 1.080576e+11
1.430935e+12, 8.024843e+10
2.874758e+12, 5.639832e+10
4.495254e+12, 4.503784e+10

1.759491e+05, 3.399855e+04
4.552722e+10, 3.625234e+10
-9.854231e+10, 4.099461e+10
-1.466721e+10, 1.487937e+11
1.429357e+11, 1.760394e+11
7.702319e+11, 1.091758e+11
1.430889e+12, 8.108348e+10
2.874747e+12, 5.698573e+10
4.495249e+12, 4.550697e+10

1.774741e+05, 3.447511e+04
4.283236e+10, 3.935474e+10
-9.966955e+10, 3.815645e+10
-1.722681e+10, 1.485177e+11
1.413031e+11, 1.773369e+11
7.700729e+11, 1.102938e+11
1.430841e+12, 8.191849e+10
2.874735e+12, 5.757313e+10
4.495244e+12, 4.597610e+10

1.789919e+05, 3.495079e+04
3.992182e+10, 4.225898e+10
-1.007155e+11, 3.528719e+10
-1.978131e+10, 1.481976e+11
1.396584e+11, 1.786193e+11
7.699122e+11, 1.114115e+11
1.430794e+12, 8.275349e+10
2.874723e+12, 5.816053e+10
4.495239e+12, 4.644522e+10

1.805026e+05, 3.542533e+04
3.680991e+10, 4.495007e+10
-1.016794e+11, 3.238916e+10
-2.232994e+10, 1.478336e+11
1.380019e+11, 1.798865e+11
7.697499e+11, 1.125290e+11
1.430745e+12, 8.358845e+10
2.874711e+12, 5.874793e+10
4.495234e+12, 4.691435e+10

1.820062e+05, 3.589845e+04
3.351200e+10, 4.741401e+10
-1.025603e+11, 2.946471e+10
-2.487195e+10, 1.474258e+11
1.363336e+11, 1.811384e+11
7.695860e+11, 1.136463e+11
1.430697e+12, 8.442338e+10
2.874699e+12, 5.933533e+10
4.495229e+12, 4.738348e+10

1.835026e+05, 3.636989e+04
3.004442e+10, 4.963789e+10
-1.033576e+11, 2.651624e+10
-2.740658e+10, 1.469742e+11
1.346538e+11, 1.823750e+11
7.694204e+11, 1.147633e+11
1.430648e+12, 8.525829e+10
2.874687e+12, 5.992272e+10
4.495224e+12, 4.785260e+10

1.849919e+05, 3.683937e+04
2.642442e+10, 5.160996e+10
-1.040706e+11, 2.354613e+10
-2.993308e+10, 1.464791e+11
1.329625e+11, 1.835960e+11
7.692532e+11, 1.158801e+11
1.430598e+12, 8.609317e+10
2.874674e+12, 6.051011e+10
4.495219e+12, 4.832173e+10

1.864741e+05, 3.730660e+04
2.267008e+10, 5.331963e+10
-1.046987e+11, 2.055682e+10
-3.245070e+10, 1.459405e+11
1.312598e+11, 1.848014e+11
7.690845e+11, 1.169966e+11
1.430548e+12, 8.692802e+10
2.874662e+12, 6.109750e+10
4.495214e+12, 4.879085e+10

1.879493e+05, 3.777128e+04
1.880023e+10, 5.475764e+10
-1.052413e+11, 1.755074e+10
-3.495870e+10, 1.453586e+11
1.295461e+11, 1.859910e+11
7.689141e+11, 1.181129e+11
1.430497e+12, 8.776284e+10
2.874649e+12, 6.168489e+10
4.495209e+12, 4.925998e+10

1.894176e+05, 3.823314e+04
1.483438e+10, 5.591601e+10
-1.056981e+11, 1.453034e+10
-3.745633e+10, 1.447337e+11
1.278213e+11, 1.871649e+11
7.687421e+11, 1.192290e+11
1.430446e+12, 8.859763e+10
2.874637e+12, 6.227227e+10
4.495204e+12, 4.972910e+10

1.908789e+05, 3.869186e+04
1.079260e+10, 5.678817e+10
-1.060687e+11, 1.149808e+10
-3.994285e+10, 1.440658e+11
1.260856e+11, 1.883228e+11
7.685684e+11, 1.203448e+11
1.430395e+12, 8.943239e+10
2.874624e+12, 6.285966e+10
4.495199e+12, 5.019822e+10

1.923335e+05, 3.914715e+04
6.695451e+09, 5.736896e+10
-1.063527e+11, 8.456440e+09
-4.241752e+10, 1.433552e+11
1.243392e+11, 1.894647e+11
7.683932e+11, 1.214603e+11
1.430342e+12, 9.026712e+10
2.874611e+12, 6.344703e+10
4.495193e+12, 5.066735e+10

1.937813e+05, 3.959870e+04
2.563867e+09, 5.765470e+10
-1.065499e+11, 5.407900e+09
-4.487961e+10, 1.426020e+11
1.225822e+11, 1.905904e+11
7.682163e+11, 1.225756e+11
1.430290e+12, 9.110182e+10
2.874598e+12, 6.403441e+10
4.495188e+12, 5.113647e+10

1.952227e+05, 4.004621e+04
-1.580933e+09, 5.764320e+10
-1.066601e+11, 2.354946e+09
-4.732838e+10, 1.418066e+11
1.208147e+11, 1.916999e+11
7.680378e+11, 1.236906e+11
1.430237e+12, 9.193649e+10
2.874585e+12, 6.462178e+10
4.495183e+12, 5.160559e+10

1.966577e+05, 4.048939e+04
-5.717560e+09, 5.733379e+10
-1.066833e+11, -6.999285e+08
-4.976312e+10, 1.409691e+11
1.190370e+11, 1.927931e+11
7.678577e+11, 1.248054e+11
1.430183e+12, 9.277113e+10
2.874572e+12, 6.520916e+10
4.495177e+12, 5.207471e+10

1.980865e+05, 4.092792e+04
-9.824564e+09, 5.672735e+10
-1.066195e+11, -3.754232e+09
-5.218309e+10, 1.400898e+11
1.172491e+11, 1.938699e+11
7.676760e+11, 1.259199e+11
1.430129e+12, 9.360574e+10
2.874558e+12, 6.579652e+10
4.495172e+12, 5.254383e+10

1.995093e+05, 4.136153e+04
-1.388054e+10, 5.582631e+10
-1.064686e+11, -6.805471e+09
-5.458759e+10, 1.391690e+11
1.154513e+11, 1.949301e+11
7.674927e+11, 1.270341e+11
1.430075e+12, 9.444032e+10
2.874545e+12, 6.638389e+10
4.495166e+12, 5.301295e+10

2.009263e+05, 4.178991e+04
-1.786426e+10, 5.463466e+10
-1.062308e+11, -9.851156e+09
-5.697589e+10, 1.382068e+11
1.136436e+11, 1.959737e+11
7.673077e+11, 1.281481e+11
1.430020e+12, 9.527487e+10
2.874531e+12, 6.697125e+10
4.495161e+12, 5.348207e+10

2.023378e+05, 4.221279e+04
-2.175477e+10, 5.315794e+10
-1.059064e+11, -1.288880e+10
-5.934729e+10, 1.372037e+11
1.118262e+11, 1.970006e+11
7.671212e+11, 1.292618e+11
1.429965e+12, 9.610938e+10
2.874517e+12, 6.755861e+10
4.495155e+12, 5.395119e+10

2.037439e+05, 4.262988e+04
-2.553150e+10, 5.140321e+10
-1.054955e+11, -1.591593e+10
-6.170108e+10, 1.361599e+11
1.099993e+11, 1.980108e+11
7.669330e+11, 1.303752e+11
1.429909e+12, 9.694386e+10
2.874503e+12, 6.814597e+10
4.495149e+12, 5.442031e+10

2.051450e+05, 4.304093e+04
-2.917440e+10, 4.937905e+10
-1.049985e+11, -1.893007e+10
-6.403656e+10, 1.350756e+11
1.081631e+11, 1.990040e+11
7.667432e+11, 1.314884e+11
1.429852e+12, 9.777831e+10
2.874489e+12, 6.873332e+10
4.495144e+12, 5.488942e+10

2.065414e+05, 4.344568e+04
-3.266406e+10, 4.709552e+10
-1.044159e+11, -2.192876e+10
-6.635305e+10, 1.339513e+11
1.063176e+11, 1.999803e+11
7.665518e+11, 1.326013e+11
1.429795e+12, 9.861272e+10
2.874475e+12, 6.932067e+10
4.495138e+12, 5.535854e+10

2.079334e+05, 4.384388e+04
-3.598178e+10, 4.456410e+10
-1.037480e+11, -2.490956e+10
-6.864985e+10, 1.327873e+11
1.044630e+11, 2.009395e+11
7.663588e+11, 1.337138e+11
1.429738e+12, 9.944711e+10
2.874461e+12, 6.990802e+10
4.495132e+12, 5.582766e+10

2.093212e+05, 4.423531e+04
-3.910975e+10, 4.179765e+10
-1.029955e+11, -2.787003e+10
-7.092628e+10, 1.315838e+11
1.025995e+11, 2.018816e+11
7.661641e+11, 1.348262e+11
1.429680e+12, 1.002815e+11
2.874447e+12, 7.049537e+10
4.495126e+12, 5.629677e+10

2.107053e+05, 4.461975e+04
-4.203107e+10, 3.881037e+10
-1.021590e+11, -3.080777e+10
-7.318167e+10, 1.303414e+11
1.007273e+11, 2.028064e+11
7.659679e+11, 1.359382e+11
1.429622e+12, 1.011158e+11
2.874432e+12, 7.108271e+10
4.495120e+12, 5.676589e+10

2.120860e+05, 4.499701e+04
-4.472993e+10, 3.561768e+10
-1.012391e+11, -3.372038e+10
-7.541534e+10, 1.290602e+11
9.884645e+10, 2.037139e+11
7.657700e+11, 1.370499e+11
1.429563e+12, 1.019501e+11
2.874418e+12, 7.167005e+10
4.495114e+12, 5.723500e+10

2.134637e+05, 4.536691e+04
-4.719167e+10, 3.223617e+10
-1.002367e+11, -3.660549e+10
-7.762663e+10, 1.277408e+11
9.695719e+10, 2.046041e+11
7.655706e+11, 1.381614e+11
1.429504e+12, 1.027843e+11
2.874403e+12, 7.225739e+10
4.495108e+12, 5.770411e+10

2.148387e+05, 4.572930e+04
-4.940288e+10, 2.868353e+10
-9.915254e+10, -3.946074e+10
-7.981489e+10, 1.263834e+11
9.505965e+10, 2.054767e+11
7.653695e+11, 1.392726e+11
1.429444e+12, 1.036185e+11
2.874388e+12, 7.284472e+10
4.495102e+12, 5.817323e+10

2.162115e+05, 4.608403e+04
-5.135147e+10, 2.497842e+10
-9.798752e+10, -4.228382e+10
-8.197947e+10, 1.249886e+11
9.315400e+10, 2.063319e+11
7.651668e+11, 1.403834e+11
1.429383e+12, 1.044527e+11
2.874373e+12, 7.343205e+10
4.495096e+12, 5.864234e+10

2.175825e+05, 4.643100e+04
-5.302678e+10, 2.114037e+10
-9.674260e+10, -4.507242e+10
-8.411972e+10, 1.235566e+11
9.124039e+10, 2.071694e+11
7.649625e+11, 1.414940e+11
1.429323e+12, 1.052868e+11
2.874358e+12, 7.401938e+10
4.495090e+12, 5.911145e+10

2.189521e+05, 4.677011e+04
-5.441961e+10, 1.718972e+10
-9.541883e+10, -4.782428e+10
-8.623500e+10, 1.220880e+11
8.931899e+10, 2.079892e+11
7.647566e+11, 1.426043e+11
1.429261e+12, 1.061209e+11
2.874343e+12, 7.460671e+10
4.495084e+12, 5.958056e+10

2.203207e+05, 4.710129e+04
-5.552231e+10, 1.314741e+10
-9.401728e+10, -5.053716e+10
-8.832470e+10, 1.205832e+11
8.738996e+10, 2.087912e+11
7.645491e+11, 1.437143e+11
1.429200e+12, 1.069550e+11
2.874327e+12, 7.519403e+10
4.495077e+12, 6.004967e+10

2.216889e+05, 4.742451e+04
-5.632880e+10, 9.034972e+09
-9.253912e+10, -5.320886e+10
-9.038818e+10, 1.190426e+11
8.545346e+10, 2.095754e+11
7.643400e+11, 1.448240e+11
1.429137e+12, 1.077891e+11
2.874312e+12, 7.578135e+10
4.495071e+12, 6.051878e+10

2.230569e+05, 4.773974e+04
-5.683465e+10, 4.874308e+09
-9.098557e+10, -5.583721e+10
-9.242484e+10, 1.174667e+11
8.350966e+10, 2.103416e+11
7.641293e+11, 1.459333e+11
1.429075e+12, 1.086231e+11
2.874296e+12, 7.636866e+10
4.495065e+12, 6.098789e+10

2.244253e+05, 4.804701e+04
-5.703706e+10, 6.876215e+08
-8.935790e+10, -5.842008e+10
-9.443406e+10, 1.158559e+11
8.155873e+10, 2.110899e+11
7.639169e+11, 1.470424e+11
1.429012e+12, 1.094570e+11
2.874281e+12, 7.695597e+10
4.495058e+12, 6.145700e+10

2.257945e+05, 4.834633e+04
-5.693492e+10, -3.502737e+09
-8.765745e+10, -6.095537e+10
-9.641526e+10, 1.142107e+11
7.960082e+10, 2.118202e+11
7.637030e+11, 1.481512e+11
1.428948e+12, 1.102909e+11
2.874265e+12, 7.754328e+10
4.495052e+12, 6.192611e+10

2.271650e+05, 4.863779e+04
-5.652880e+10, -7.674393e+09
-8.588563e+10, -6.344102e+10
-9.836785e+10, 1.125316e+11
7.763610e+10, 2.125323e+11
7.634874e+11, 1.492596e+11
1.428884e+12, 1.111248e+11
2.874249e+12, 7.813059e+10
4.495045e+12, 6.239522e+10

2.285372e+05, 4.892146e+04
-5.582094e+10, -1.180509e+10
-8.404389e+10, -6.587503e+10
-1.002912e+11, 1.108191e+11
7.566475e+10, 2.132262e+11
7.632703e+11, 1.503677e+11
1.428819e+12, 1.119587e+11
2.874233e+12, 7.871789e+10
4.495039e+12, 6.286432e+10

2.299116e+05, 4.919746e+04
-5.481525e+10, -1.587279e+10
-8.213376e+10, -6.825543e+10
-1.021849e+11, 1.090738e+11
7.368692e+10, 2.139019e+11
7.630515e+11, 1.514755e+11
1.428754e+12, 1.127925e+11
2.874217e+12, 7.930519e+10
4.495032e+12, 6.333343e+10

2.312885e+05, 4.946593e+04
-5.351727e+10, -1.985586e+10
-8.015679e+10, -7.058030e+10
-1.040481e+11, 1.072960e+11
7.170279e+10, 2.145593e+11
7.628311e+11, 1.525830e+11
1.428688e+12, 1.136263e+11
2.874200e+12, 7.989248e+10
4.495025e+12, 6.380253e+10

2.326684e+05, 4.972704e+04
-5.193415e+10, -2.373314e+10
-7.811462e+10, -7.284775e+10
-1.058805e+11, 1.054864e+11
6.971253e+10, 2.151983e+11
7.626092e+11, 1.536902e+11
1.428622e+12, 1.144600e+11
2.874184e+12, 8.047978e+10
4.495019e+12, 6.427164e+10

2.340517e+05, 4.998098e+04
-5.007459e+10, -2.748409e+10
-7.600893e+10, -7.505595e+10
-1.076815e+11, 1.036455e+11
6.771630e+10, 2.158189e+11
7.623856e+11, 1.547971e+11
1.428556e+12, 1.152937e+11
2.874168e+12, 8.106707e+10
4.495012e+12, 6.474074e+10

2.354388e+05, 5.022796e+04
-4.794878e+10, -3.108891e+10
-7.384143e+10, -7.720314e+10
-1.094505e+11, 1.017739e+11
6.571427e+10, 2.164211e+11
7.621604e+11, 1.559036e+11
1.428489e+12, 1.161274e+11
2.874151e+12, 8.165435e+10
4.495005e+12, 6.520985e+10

2.368301e+05, 5.046823e+04
-4.556834e+10, -3.452863e+10
-7.161392e+10, -7.928758e+10
-1.111870e+11, 9.987200e+10
6.370661e+10, 2.170046e+11
7.619336e+11, 1.570098e+11
1.428421e+12, 1.169610e+11
2.874134e+12, 8.224164e+10
4.494998e+12, 6.567895e+10

2.382259e+05, 5.070203e+04
-4.294626e+10, -3.778526e+10
-6.932822e+10, -8.130759e+10
-1.128906e+11, 9.794048e+10
6.169350e+10, 2.175696e+11
7.617052e+11, 1.581156e+11
1.428353e+12, 1.177946e+11
2.874117e+12, 8.282891e+10
4.494991e+12, 6.614805e+10

2.396267e+05, 5.092965e+04
-4.009680e+10, -4.084183e+10
-6.698620e+10, -8.326155e+10
-1.145606e+11, 9.597989e+10
5.967511e+10, 2.181160e+11
7.614752e+11, 1.592212e+11
1.428285e+12, 1.186281e+11
2.874100e+12, 8.341619e+10
4.494984e+12, 6.661715e+10

2.410327e+05, 5.115139e+04
-3.703541e+10, -4.368254e+10
-6.458978e+10, -8.514790e+10
-1.161965e+11, 9.399080e+10
5.765160e+10, 2.186436e+11
7.612436e+11, 1.603264e+11
1.428216e+12, 1.194616e+11
2.874083e+12, 8.400346e+10
4.494977e+12, 6.708625e+10

2.424443e+05, 5.136755e+04
-3.377862e+10, -4.629278e+10
-6.214093e+10, -8.696513e+10
-1.177980e+11, 9.197381e+10
5.562316e+10, 2.191525e+11
7.610104e+11, 1.614312e+11
1.428146e+12, 1.202951e+11
2.874066e+12, 8.459073e+10
4.494970e+12, 6.755535e+10

2.438617e+05, 5.157846e+04
-3.034396e+10, -4.865926e+10
-5.964164e+10, -8.871178e+10
-1.193646e+11, 8.992951e+10
5.358995e+10, 2.196427e+11
7.607757e+11, 1.625357e+11
1.428076e+12, 1.211285e+11
2.874049e+12, 8.517800e+10
4.494963e+12, 6.802445e+10

2.452852e+05, 5.178448e+04
-2.674985e+10, -5.077003e+10
-5.709397e+10, -9.038645e+10
-1.208956e+11, 8.785852e+10
5.155214e+10, 2.201140e+11
7.605393e+11, 1.636399e+11
1.428006e+12, 1.219619e+11
2.874031e+12, 8.576526e+10
4.494956e+12, 6.849355e+10

2.467151e+05, 5.198596e+04
-2.301546e+10, -5.261458e+10
-5.449999e+10, -9.198783e+10
-1.223908e+11, 8.576144e+10
4.950991e+10, 2.205664e+11
7.603013e+11, 1.647438e+11
1.427935e+12, 1.227953e+11
2.874013e+12, 8.635252e+10
4.494949e+12, 6.896264e+10

2.481516e+05, 5.218326e+04
-1.916064e+10, -5.418383e+10
-5.186182e+10, -9.351462e+10
-1.238497e+11, 8.363890e+10
4.746344e+10, 2.209999e+11
7.600617e+11, 1.658472e+11
1.427864e+12, 1.236286e+11
2.873996e+12, 8.693977e+10
4.494942e+12, 6.943174e+10

2.495950e+05, 5.237676e+04
-1.520580e+10, -5.547023e+10
-4.918162e+10, -9.496562e+10
-1.252717e+11, 8.149153e+10
4.541290e+10, 2.214144e+11
7.598205e+11, 1.669504e+11
1.427792e+12, 1.244618e+11
2.873978e+12, 8.752702e+10
4.494934e+12, 6.990084e+10

2.510453e+05, 5.256684e+04
-1.117176e+10, -5.646772e+10
-4.646157e+10, -9.633969e+10
-1.266566e+11, 7.931996e+10
4.335846e+10, 2.218099e+11
7.595777e+11, 1.680532e+11
1.427719e+12, 1.252950e+11
2.873960e+12, 8.811427e+10
4.494927e+12, 7.036993e+10

2.525027e+05, 5.275389e+04
-7.079675e+09, -5.717183e+10
-4.370389e+10, -9.763573e+10
-1.280039e+11, 7.712485e+10
4.130031e+10, 2.221864e+11
7.593333e+11, 1.691556e+11
1.427647e+12, 1.261282e+11
2.873942e+12, 8.870151e+10
4.494920e+12, 7.083903e+10

2.539674e+05, 5.293831e+04
-2.950889e+09, -5.757959e+10
-4.091083e+10, -9.885272e+10
-1.293132e+11, 7.490683e+10
3.923860e+10, 2.225438e+11
7.590873e+11, 1.702577e+11
1.427573e+12, 1.269613e+11
2.873924e+12, 8.928875e+10
4.494912e+12, 7.130812e+10

2.554396e+05, 5.312048e+04
1.193157e+09, -5.768962e+10
-3.808466e+10, -9.998971e+10
-1.305840e+11, 7.266657e+10
3.717353e+10, 2.228821e+11
7.588397e+11, 1.713594e+11
1.427499e+12, 1.277944e+11
2.873905e+12, 8.987599e+10
4.494905e+12, 7.177721e+10

2.569192e+05, 5.330082e+04
5.331051e+09, -5.750209e+10
-3.522767e+10, -1.010458e+11
-1.318161e+11, 7.040473e+10
3.510527e+10, 2.232012e+11
7.585905e+11, 1.724608e+11
1.427425e+12, 1.286275e+11
2.873887e+12, 9.046322e+10
4.494897e+12, 7.224630e+10

2.584063e+05, 5.347970e+04
9.441515e+09, -5.701866e+10
-3.234220e+10, -1.020202e+11
-1.330091e+11, 6.812199e+10
3.303400e+10, 2.235012e+11
7.583397e+11, 1.735617e+11
1.427350e+12, 1.294605e+11
2.873868e+12, 9.105045e+10
4.494890e+12, 7.271539e+10

2.599010e+05, 5.365753e+04
1.350352e+10, -5.624254e+10
-2.943057e+10, -1.029121e+11
-1.341625e+11, 6.581902e+10
3.095989e+10, 2.237820e+11
7.580873e+11, 1.746624e+11
1.427275e+12, 1.302934e+11
2.873850e+12, 9.163767e+10
4.494882e+12, 7.318448e+10

2.614034e+05, 5.383470e+04
1.749637e+10, -5.517840e+10
-2.649517e+10, -1.037208e+11
-1.352761e+11, 6.349650e+10
2.888312e+10, 2.240435e+11
7.578334e+11, 1.757626e+11
1.427199e+12, 1.311264e+11
2.873831e+12, 9.222489e+10
4.494874e+12, 7.365357e+10

2.629133e+05, 5.401159e+04
2.139983e+10, -5.383234e+10
-2.353836e+10, -1.044458e+11
-1.363496e+11, 6.115513e+10
2.680387e+10, 2.242858e+11
7.575778e+11, 1.768625e+11
1.427123e+12, 1.319592e+11
2.873812e+12, 9.281211e+10
4.494867e+12, 7.412266e+10

2.644309e+05, 5.418858e+04
2.519421e+10, -5.221187e+10
-2.056254e+10, -1.050864e+11
-1.373825e+11, 5.879560e+10
2.472231e+10, 2.245087e+11
7.573206e+11, 1.779620e+11
1.427046e+12, 1.327921e+11
2.873793e+12, 9.339932e+10
4.494859e+12, 7.459175e+10

2.659560e+05, 5.436606e+04
2.886044e+10, -5.032583e+10
-1.757012e+10, -1.056422e+11
-1.383747e+11, 5.641861e+10
2.263863e+10, 2.247124e+11
7.570619e+11, 1.790612e+11
1.426969e+12, 1.336249e+11
2.873774e+12, 9.398653e+10
4.494851e+12, 7.506084e+10

2.674886e+05, 5.454437e+04
3.238020e+10, -4.818437e+10
-1.456353e+10, -1.061128e+11
-1.393257e+11, 5.402486e+10
2.055301e+10, 2.248968e+11
7.568015e+11, 1.801600e+11
1.426892e+12, 1.344576e+11
2.873754e+12, 9.457374e+10
4.494843e+12, 7.552992e+10

2.690286e+05, 5.472389e+04
3.573595e+10, -4.579885e+10
-1.154519e+10, -1.064978e+11
-1.402354e+11, 5.161507e+10
1.846562e+10, 2.250618e+11
7.565396e+11, 1.812583e+11
1.426813e+12, 1.352903e+11
2.873735e+12, 9.516094e+10
4.494835e+12, 7.599901e+10

2.705759e+05, 5.490496e+04
3.891106e+10, -4.318181e+10
-8.517537e+09, -1.067969e+11
-1.411034e+11, 4.918995e+10
1.637664e+10, 2.252074e+11
7.562761e+11, 1.823563e+11
1.426735e+12, 1.361229e+11
2.873715e+12, 9.574814e+10
4.494827e+12, 7.646809e+10

2.721305e+05, 5.508791e+04
4.188982e+10, -4.034688e+10
-5.483020e+09, -1.070100e+11
-1.419295e+11, 4.675023e+10
1.428625e+10, 2.253336e+11
7.560110e+11, 1.834540e+11
1.426656e+12, 1.369555e+11
2.873696e+12, 9.633533e+10
4.494819e+12, 7.693718e+10

2.736921e+05, 5.527308e+04
4.465758e+10, -3.730871e+10
-2.444086e+09, -1.071369e+11
-1.427135e+11, 4.429661e+10
1.219464e+10, 2.254405e+11
7.557442e+11, 1.845512e+11
1.426576e+12, 1.377881e+11
2.873676e+12, 9.692252e+10
4.494811e+12, 7.740626e+10

2.752607e+05, 5.546077e+04
4.720076e+10, -3.408290e+10
5.968184e+08, -1.071775e+11
-1.434551e+11, 4.182985e+10
1.010198e+10, 2.255279e+11
7.554759e+11, 1.856481e+11
1.426496e+12, 1.386206e+11
2.873656e+12, 9.750971e+10
4.494803e+12, 7.787534e+10

2.768360e+05, 5.565129e+04
4.950690e+10, -3.068594e+10
3.637244e+09, -1.071318e+11
-1.441540e+11, 3.935066e+10
8.008447e+09, 2.255959e+11
7.552060e+11, 1.867445e+11
1.426415e+12, 1.394531e+11
2.873636e+12, 9.809689e+10
4.494795e+12, 7.834442e+10

2.784180e+05, 5.584493e+04
5.156476e+10, -2.713509e+10
6.674745e+09, -1.069999e+11
-1.448102e+11, 3.685978e+10
5.914229e+09, 2.256445e+11
7.549346e+11, 1.878406e+11
1.426334e+12, 1.402855e+11
2.873616e+12, 9.868407e+10
4.494786e+12, 7.881351e+10

2.800064e+05, 5.604196e+04
5.336433e+10, -2.344831e+10
9.706879e+09, -1.067820e+11
-1.454233e+11, 3.435795e+10
3.819502e+09, 2.256736e+11
7.546615e+11, 1.889362e+11
1.426253e+12, 1.411179e+11
2.873596e+12, 9.927124e+10
4.494778e+12, 7.928258e+10

2.816010e+05, 5.624264e+04
5.489687e+10, -1.964419e+10
1.273121e+10, -1.064782e+11
-1.459933e+11, 3.184592e+10
1.724449e+09, 2.256833e+11
7.543868e+11, 1.900315e+11
1.426171e+12, 1.419502e+11
2.873575e+12, 9.985841e+10
4.494770e+12, 7.975166e+10

2.832017e+05, 5.644722e+04
5.615494e+10, -1.574186e+10
1.574532e+10, -1.060889e+11
-1.465199e+11, 2.932443e+10
-3.707521e+08, 2.256735e+11
7.541106e+11, 1.911264e+11
1.426088e+12, 1.427825e+11
2.873555e+12, 1.004456e+11
4.494761e+12, 8.022074e+10

2.848083e+05, 5.665592e+04
5.713247e+10, -1.176088e+10
1.874677e+10, -1.056144e+11
-1.470029e+11, 2.679423e+10
-2.465919e+09, 2.256443e+11
7.538328e+11, 1.922209e+11
1.426005e+12, 1.436147e+11
2.873534e+12, 1.010327e+11
4.494753e+12, 8.068982e+10

2.864204e+05, 5.686898e+04
5.782471e+10, -7.721180e+09
2.173318e+10, -1.050550e+11
-1.474423e+11, 2.425607e+10
-4.560871e+09, 2.255956e+11
7.535533e+11, 1.933149e+11
1.425922e+12, 1.444469e+11
2.873513e+12, 1.016199e+11
4.494744e+12, 8.115889e+10

2.880379e+05, 5.708657e+04
5.822833e+10, -3.642935e+09
2.470214e+10, -1.044113e+11
-1.478379e+11, 2.171071e+10
-6.655428e+09, 2.255274e+11
7.532723e+11, 1.944086e+11
1.425838e+12, 1.452790e+11
2.873493e+12, 1.022070e+11
4.494736e+12, 8.162797e+10

2.896606e+05, 5.730890e+04
5.834138e+10, 4.534906e+08
2.765129e+10, -1.036839e+11
-1.481896e+11, 1.915890e+10
-8.749410e+09, 2.254398e+11
7.529898e+11, 1.955018e+11
1.425754e+12, 1.461111e+11
2.873472e+12, 1.027942e+11
4.494727e+12, 8.209704e+10

2.912882e+05, 5.753614e+04
5.816331e+10, 4.547653e+09
3.057826e+10, -1.028733e+11
-1.484973e+11, 1.660140e+10
-1.084263e+10, 2.253327e+11
7.527056e+11, 1.965947e+11
1.425669e+12, 1.469431e+11
2.873451e+12, 1.033813e+11
4.494719e+12, 8.256612e+10

2.929204e+05, 5.776842e+04
5.769497e+10, 8.619121e+09
3.348072e+10, -1.019802e+11
-1.487608e+11, 1.403897e+10
-1.293492e+10, 2.252062e+11
7.524198e+11, 1.976871e+11
1.425583e+12, 1.477751e+11
2.873429e+12, 1.039685e+11
4.494710e+12, 8.303519e+10

2.945571e+05, 5.800590e+04
5.693861e+10, 1.264756e+10
3.635635e+10, -1.010054e+11
-1.489802e+11, 1.147237e+10
-1.502609e+10, 2.250602e+11
7.521325e+11, 1.987791e+11
1.425497e+12, 1.486071e+11
2.873408e+12, 1.045556e+11
4.494701e+12, 8.350426e+10

2.961979e+05, 5.824869e+04
5.589789e+10, 1.661284e+10
3.920286e+10, -9.994968e+10
-1.491553e+11, 8.902356e+09
-1.711596e+10, 2.248948e+11
7.518436e+11, 1.998707e+11
1.425411e+12, 1.494389e+11
2.873387e+12, 1.051427e+11
4.494693e+12, 8.397333e+10

2.978426e+05, 5.849689e+04
5.457782e+10, 2.049509e+10
4.201798e+10, -9.881393e+10
-1.492861e+11, 6.329701e+09
-1.920435e+10, 2.247100e+11
7.515531e+11, 2.009618e+11
1.425324e+12, 1.502708e+11
2.873365e+12, 1.057299e+11
4.494684e+12, 8.444240e+10

2.994910e+05, 5.875061e+04
5.298478e+10, 2.427484e+10
4.479947e+10, -9.759908e+10
-1.493726e+11, 3.755167e+09
-2.129107e+10, 2.245057e+11
7.512610e+11, 2.020526e+11
1.425237e+12, 1.511026e+11
2.873343e+12, 1.063170e+11
4.494675e+12, 8.491147e+10

3.011428e+05, 5.900990e+04
5.112651e+10, 2.793307e+10
4.754511e+10, -9.630614e+10
-1.494147e+11, 1.179517e+09
-2.337596e+10, 2.242821e+11
7.509673e+11, 2.031429e+11
1.425149e+12, 1.519343e+11
2.873322e+12, 1.069041e+11
4.494666e+12, 8.538054e+10

3.027977e+05, 5.927483e+04
4.901202e+10, 3.145131e+10
5.025272e+10, -9.493616e+10
-1.494123e+11, -1.396483e+09
-2.545883e+10, 2.240391e+11
7.506721e+11, 2.042328e+11
1.425061e+12, 1.527660e+11
2.873300e+12, 1.074912e+11
4.494657e+12, 8.584961e+10

3.044555e+05, 5.954543e+04
4.665160e+10, 3.481174e+10
5.292015e+10, -9.349027e+10
-1.493657e+11, -3.972067e+09
-2.753949e+10, 2.237767e+11
7.503753e+11, 2.053222e+11
1.424972e+12, 1.535976e+11
2.873278e+12, 1.080783e+11
4.494648e+12, 8.631867e+10

3.061160e+05, 5.982173e+04
4.405677e+10, 3.799725e+10
5.554529e+10, -9.196965e+10
-1.492746e+11, -6.546472e+09
-2.961777e+10, 2.234950e+11
7.500769e+11, 2.064113e+11
1.424883e+12, 1.544292e+11
2.873255e+12, 1.086654e+11
4.494639e+12, 8.678774e+10

3.077789e+05, 6.010373e+04
4.124022e+10, 4.099154e+10
5.812605e+10, -9.037555e+10
-1.491392e+11, -9.118931e+09
-3.169348e+10, 2.231939e+11
7.497769e+11, 2.074999e+11
1.424793e+12, 1.552607e+11
2.873233e+12, 1.092525e+11
4.494630e+12, 8.725680e+10

3.094439e+05, 6.039144e+04
3.821581e+10, 4.377920e+10
6.066038e+10, -8.870927e+10
-1.489595e+11, -1.168868e+10
-3.376646e+10, 2.228735e+11
7.494753e+11, 2.085880e+11
1.424703e+12, 1.560922e+11
2.873211e+12, 1.098396e+11
4.494621e+12, 8.772587e+10

3.111108e+05, 6.068483e+04
3.499841e+10, 4.634579e+10
6.314628e+10, -8.697215e+10
-1.487355e+11, -1.425496e+10
-3.583651e+10, 2.225339e+11
7.491722e+11, 2.096757e+11
1.424612e+12, 1.569236e+11
2.873188e+12, 1.104267e+11
4.494611e+12, 8.819493e+10

3.127795e+05, 6.098387e+04
3.160396e+10, 4.867791e+10
6.558178e+10, -8.516561e+10
-1.484673e+11, -1.681700e+10
-3.790345e+10, 2.221750e+11
7.488675e+11, 2.107630e+11
1.424521e+12, 1.577550e+11
2.873165e+12, 1.110138e+11
4.494602e+12, 8.866399e+10

3.144496e+05, 6.128849e+04
2.804930e+10, 5.076326e+10
6.796495e+10, -8.329111e+10
-1.481551e+11, -1.937405e+10
-3.996712e+10, 2.217968e+11
7.485612e+11, 2.118499e+11
1.424430e+12, 1.585863e+11
2.873143e+12, 1.116009e+11
4.494593e+12, 8.913305e+10

3.161210e+05, 6.159865e+04
2.435216e+10, 5.259075e+10
7.029391e+10, -8.135018e+10
-1.477988e+11, -2.192534e+10
-4.202732e+10, 2.213995e+11
7.482533e+11, 2.129362e+11
1.424337e+12, 1.594176e+11
2.873120e+12, 1.121880e+11
4.494583e+12, 8.960211e+10

3.177934e+05, 6.191426e+04
2.053104e+10, 5.415050e+10
7.256682e+10, -7.934437e+10
-1.473986e+11, -2.447011e+10
-4.408388e+10, 2.209830e+11
7.479439e+11, 2.140222e+11
1.424245e+12, 1.602488e+11
2.873097e+12, 1.127750e+11
4.494574e+12, 9.007117e+10

3.194668e+05, 6.223523e+04
1.660518e+10, 5.543397e+10
7.478188e+10, -7.727531e+10
-1.469546e+11, -2.700762e+10
-4.613662e+10, 2.205473e+11
7.476329e+11, 2.151077e+11
1.424152e+12, 1.610799e+11
2.873074e+12, 1.133621e+11
4.494565e+12, 9.054022e+10

3.211408e+05, 6.256147e+04
1.259440e+10, 5.643394e+10
7.693735e+10, -7.514467e+10
-1.464670e+11, -2.953710e+10
-4.818537e+10, 2.200925e+11
7.473203e+11, 2.161927e+11
1.424058e+12, 1.619110e+11
2.873050e+12, 1.139492e+11
4.494555e+12, 9.100928e+10

3.228153e+05, 6.289286e+04
8.519057e+09, 5.714462e+10
7.903152e+10, -7.295416e+10
-1.459358e+11, -3.205781e+10
-5.022993e+10, 2.196187e+11
7.470061e+11, 2.172773e+11
1.423964e+12, 1.627421e+11
2.873027e+12, 1.145362e+11
4.494546e+12, 9.147834e+10

3.244902e+05, 6.322928e+04
4.399947e+09, 5.756168e+10
8.106275e+10, -7.070555e+10
-1.453613e+11, -3.456899e+10
-5.227015e+10, 2.191259e+11
7.466904e+11, 2.183614e+11
1.423870e+12, 1.635731e+11
2.873004e+12, 1.151233e+11
4.494536e+12, 9.194739e+10

3.261653e+05, 6.357060e+04
2.581774e+08, 5.768225e+10
8.302944e+10, -6.840063e+10
-1.447436e+11, -3.706991e+10
-5.430583e+10, 2.186140e+11
7.463731e+11, 2.194451e+11
1.423775e+12, 1.644040e+11
2.872980e+12, 1.157103e+11
4.494526e+12, 9.241644e+10

3.278404e+05, 6.391669e+04
-3.884922e+09, 5.750498e+10
8.493004e+10, -6.604127e+10
-1.440829e+11, -3.955981e+10
-5.633680e+10, 2.180832e+11
7.460543e+11, 2.205283e+11
1.423679e+12, 1.652349e+11
2.872956e+12, 1.162974e+11
4.494517e+12, 9.288550e+10

3.295156e+05, 6.426739e+04
-8.007910e+09, 5.703008e+10
8.676304e+10, -6.362934e+10
-1.433794e+11, -4.203795e+10
-5.836288e+10, 2.175335e+11
7.457338e+11, 2.216110e+11
1.423583e+12, 1.660657e+11
2.872932e+12, 1.168844e+11
4.494507e+12, 9.335455e+10

3.311907e+05, 6.462256e+04
-1.208935e+10, 5.625928e+10
8.852702e+10, -6.116680e+10
-1.426333e+11, -4.450361e+10
-6.038390e+10, 2.169649e+11
7.454118e+11, 2.226933e+11
1.423487e+12, 1.668965e+11
2.872908e+12, 1.174714e+11
4.494497e+12, 9.382360e+10

3.328655e+05, 6.498205e+04
-1.610790e+10, 5.519588e+10
9.022059e+10, -5.865559e+10
-1.418448e+11, -4.695605e+10
-6.239967e+10, 2.163774e+11
7.450882e+11, 2.237751e+11
1.423390e+12, 1.677272e+11
2.872884e+12, 1.180585e+11
4.494487e+12, 9.429265e+10

3.345401e+05, 6.534570e+04
-2.004248e+10, 5.384473e+10
9.184241e+10, -5.609775e+10
-1.410142e+11, -4.939453e+10
-6.441004e+10, 2.157713e+11
7.447631e+11, 2.248564e+11
1.423292e+12, 1.685579e+11
2.872860e+12, 1.186455e+11
4.494477e+12, 9.476170e+10

3.362144e+05, 6.571336e+04
-2.387233e+10, 5.221224e+10
9.339122e+10, -5.349530e+10
-1.401417e+11, -5.181834e+10
-6.641481e+10, 2.151463e+11
7.444364e+11, 2.259373e+11
1.423194e+12, 1.693885e+11
2.872836e+12, 1.192325e+11
4.494467e+12, 9.523074e+10

3.378884e+05, 6.608486e+04
-2.757716e+10, 5.030631e+10
9.486579e+10, -5.085032e+10
-1.392276e+11, -5.422676e+10
-6.841381e+10, 2.145027e+11
7.441081e+11, 2.270177e+11
1.423096e+12, 1.702190e+11
2.872811e+12, 1.198195e+11
4.494457e+12, 9.569979e+10

3.395619e+05, 6.646004e+04
-3.113725e+10, 4.813635e+10
9.626497e+10, -4.816494e+10
-1.382721e+11, -5.661906e+10
-7.040687e+10, 2.138405e+11
7.437783e+11, 2.280976e+11
1.422997e+12, 1.710495e+11
2.872787e+12, 1.204065e+11
4.494447e+12, 9.616884e+10

3.412352e+05, 6.683877e+04
-3.453356e+10, 4.571322e+10
9.758767e+10, -4.544128e+10
-1.372755e+11, -5.899455e+10
-7.239381e+10, 2.131597e+11
7.434469e+11, 2.291770e+11
1.422898e+12, 1.718800e+11
2.872762e+12, 1.209935e+11
4.494437e+12, 9.663788e+10

3.429081e+05, 6.722088e+04
-3.774789e+10, 4.304918e+10
9.883284e+10, -4.268153e+10
-1.362381e+11, -6.135251e+10
-7.437447e+10, 2.124604e+11
7.431139e+11, 2.302559e+11
1.422798e+12, 1.727103e+11
2.872737e+12, 1.215805e+11
4.494427e+12, 9.710692e+10

3.445807e+05, 6.760624e+04
-4.076291e+10, 4.015785e+10
9.999952e+10, -3.988787e+10
-1.351602e+11, -6.369224e+10
-7.634866e+10, 2.117426e+11
7.427794e+11, 2.313344e+11
1.422698e+12, 1.735407e+11
2.872712e+12, 1.221675e+11
4.494417e+12, 9.757597e+10

3.462531e+05, 6.799472e+04
-4.356232e+10, 3.705412e+10
1.010868e+11, -3.706254e+10
-1.340422e+11, -6.601304e+10
-7.831622e+10, 2.110065e+11
7.424433e+11, 2.324124e+11
1.422597e+12, 1.743709e+11
2.872687e+12, 1.227545e+11
4.494407e+12, 9.804501e+10

3.479252e+05, 6.838618e+04
-4.613094e+10, 3.375408e+10
1.020938e+11, -3.420777e+10
-1.328844e+11, -6.831424e+10
-8.027696e+10, 2.102520e+11
7.421056e+11, 2.334898e+11
1.422496e+12, 1.752011e+11
2.872662e+12, 1.233415e+11
4.494396e+12, 9.851405e+10

3.495973e+05, 6.878051e+04
-4.845479e+10, 3.027495e+10
1.030197e+11, -3.132585e+10
-1.316871e+11, -7.059514e+10
-8.223073e+10, 2.094792e+11
7.417664e+11, 2.345668e+11
1.422394e+12, 1.760313e+11
2.872637e+12, 1.239285e+11
4.494386e+12, 9.898309e+10

3.512693e+05, 6.917761e+04
-5.052119e+10, 2.663496e+10
1.038639e+11, -2.841907e+10
-1.304507e+11, -7.285507e+10
-8.417734e+10, 2.086882e+11
7.414256e+11, 2.356433e+11
1.422292e+12, 1.768613e+11
2.872611e+12, 1.245155e+11
4.494376e+12, 9.945212e+10

3.529415e+05, 6.957739e+04
-5.231884e+10, 2.285329e+10
1.046257e+11, -2.548972e+10
-1.291755e+11, -7.509335e+10
-8.611664e+10, 2.078790e+11
7.410833e+11, 2.367193e+11
1.422189e+12, 1.776914e+11
2.872586e+12, 1.251024e+11
4.494365e+12, 9.992116e+10

3.546138e+05, 6.997977e+04
-5.383788e+10, 1.894992e+10
1.053044e+11, -2.254015e+10
-1.278619e+11, -7.730933e+10
-8.804843e+10, 2.070518e+11
7.407394e+11, 2.377948e+11
1.422086e+12, 1.785213e+11
2.872560e+12, 1.256894e+11
4.494355e+12, 1.003902e+11

3.562865e+05, 7.038469e+04
-5.506997e+10, 1.494555e+10
1.058996e+11, -1.957269e+10
-1.265104e+11, -7.950234e+10
-8.997257e+10, 2.062065e+11
7.403939e+11, 2.388698e+11
1.421982e+12, 1.793512e+11
2.872534e+12, 1.262764e+11
4.494344e+12, 1.008592e+11

3.579596e+05, 7.079211e+04
-5.600834e+10, 1.086147e+10
1.064107e+11, -1.658970e+10
-1.251212e+11, -8.167173e+10
-9.188888e+10, 2.053433e+11
7.400469e+11, 2.399443e+11
1.421878e+12, 1.801811e+11
2.872508e+12, 1.268633e+11
4.494333e+12, 1.013283e+11

3.596334e+05, 7.120199e+04
-5.664782e+10, 6.719427e+09
1.068374e+11, -1.359355e+10
-1.236949e+11, -8.381685e+10
-9.379718e+10, 2.044623e+11
7.396983e+11, 2.410183e+11
1.421773e+12, 1.810109e+11
2.872482e+12, 1.274503e+11
4.494323e+12, 1.017973e+11

3.613078e+05, 7.161432e+04
-5.698489e+10, 2.541515e+09
1.071794e+11, -1.058661e+10
-1.222319e+11, -8.593708e+10
-9.569732e+10, 2.035634e+11
7.393482e+11, 2.420918e+11
1.421668e+12, 1.818406e+11
2.872456e+12, 1.280372e+11
4.494312e+12, 1.022663e+11

3.629832e+05, 7.202911e+04
-5.701770e+10, -1.649967e+09
1.074364e+11, -7.571275e+09
-1.207325e+11, -8.803178e+10
-9.758913e+10, 2.026468e+11
7.389965e+11, 2.431648e+11
1.421563e+12, 1.826703e+11
2.872430e+12, 1.286241e+11
4.494301e+12, 1.027354e+11

3.646595e+05, 7.244639e+04
-5.674606e+10, -5.832638e+09
1.076081e+11, -4.549932e+09
-1.191973e+11, -9.010032e+10
-9.947243e+10, 2.017126e+11
7.386433e+11, 2.442372e+11
1.421456e+12, 1.834999e+11
2.872404e+12, 1.292111e+11
4.494291e+12, 1.032044e+11

3.663370e+05, 7.286619e+04
-5.617150e+10, -9.984172e+09
1.076945e+11, -1.524980e+09
-1.176266e+11, -9.214210e+10
-1.013471e+11, 2.007608e+11
7.382885e+11, 2.453092e+11
1.421350e+12, 1.843294e+11
2.872377e+12, 1.297980e+11
4.494280e+12, 1.036734e+11

3.680159e+05, 7.328857e+04
-5.529718e+10, -1.408243e+10
1.076954e+11, 1.501182e+09
-1.160211e+11, -9.415651e+10
-1.032129e+11, 1.997915e+11
7.379322e+11, 2.463806e+11
1.421243e+12, 1.851589e+11
2.872351e+12, 1.303849e+11
4.494269e+12, 1.041424e+11

3.696962e+05, 7.371362e+04
-5.412792e+10, -1.810557e+10
1.076110e+11, 4.526155e+09
-1.143810e+11, -9.614295e+10
-1.050697e+11, 1.988048e+11
7.375743e+11, 2.474515e+11
1.421135e+12, 1.859883e+11
2.872324e+12, 1.309718e+11
4.494258e+12, 1.046115e+11

3.713781e+05, 7.414142e+04
-5.267017e+10, -2.203222e+10
1.074412e+11, 7.547538e+09
-1.127070e+11, -9.810083e+10
-1.069173e+11, 1.978007e+11
7.372148e+11, 2.485219e+11
1.421027e+12, 1.868176e+11
2.872297e+12, 1.315587e+11
4.494247e+12, 1.050805e+11

3.730616e+05, 7.457208e+04
-5.093196e+10, -2.584154e+10
1.071862e+11, 1.056294e+10
-1.109995e+11, -1.000296e+11
-1.087557e+11, 1.967794e+11
7.368538e+11, 2.495918e+11
1.420919e+12, 1.876469e+11
2.872270e+12, 1.321457e+11
4.494236e+12, 1.055495e+11

3.747470e+05, 7.500574e+04
-4.892281e+10, -2.951340e+10
1.068462e+11, 1.356996e+10
-1.092590e+11, -1.019286e+11
-1.105845e+11, 1.957410e+11
7.364913e+11, 2.506612e+11
1.420810e+12, 1.884762e+11
2.872243e+12, 1.327326e+11
4.494225e+12, 1.060185e+11

3.764344e+05, 7.544253e+04
-4.665373e+10, -3.302846e+10
1.064214e+11, 1.656622e+10
-1.074860e+11, -1.037973e+11
-1.124037e+11, 1.946855e+11
7.361272e+11, 2.517300e+11
1.420701e+12, 1.893053e+11
2.872216e+12, 1.333194e+11
4.494214e+12, 1.064876e+11

3.781237e+05, 7.588261e+04
-4.413712e+10, -3.636827e+10
1.059122e+11, 1.954933e+10
-1.056812e+11, -1.056352e+11
-1.142131e+11, 1.936130e+11
7.357615e+11, 2.527983e+11
1.420591e+12, 1.901344e+11
2.872188e+12, 1.339063e+11
4.494203e+12, 1.069566e+11

3.798152e+05, 7.632615e+04
-4.138667e+10, -3.951542e+10
1.053190e+11, 2.251695e+10
-1.038449e+11, -1.074418e+11
-1.160125e+11, 1.925236e+11
7.353943e+11, 2.538660e+11
1.420480e+12, 1.909635e+11
2.872161e+12, 1.344932e+11
4.494191e+12, 1.074256e+11

3.815089e+05, 7.677333e+04
-3.841733e+10, -4.245356e+10
1.046423e+11, 2.546670e+10
-1.019778e+11, -1.092164e+11
-1.178018e+11, 1.914174e+11
7.350256e+11, 2.549332e+11
1.420369e+12, 1.917924e+11
2.872133e+12, 1.350801e+11
4.494180e+12, 1.078946e+11

3.832047e+05, 7.722434e+04
-3.524515e+10, -4.516756e+10
1.038825e+11, 2.839624e+10
-1.000804e+11, -1.109586e+11
-1.195808e+11, 1.902945e+11
7.346553e+11, 2.559999e+11
1.420258e+12, 1.926213e+11
2.872106e+12, 1.356670e+11
4.494169e+12, 1.083636e+11

3.849029e+05, 7.767937e+04
-3.188723e+10, -4.764354e+10
1.030403e+11, 3.130326e+10
-9.815328e+10, -1.126678e+11
-1.213494e+11, 1.891550e+11
7.342835e+11, 2.570661e+11
1.420146e+12, 1.934502e+11
2.872078e+12, 1.362538e+11
4.494157e+12, 1.088326e+11

3.866033e+05, 7.813864e+04
-2.836161e+10, -4.986895e+10
1.021164e+11, 3.418544e+10
-9.619699e+10, -1.143435e+11
-1.231074e+11, 1.879990e+11
7.339101e+11, 2.581317e+11
1.420034e+12, 1.942790e+11
2.872050e+12, 1.368407e+11
4.494146e+12, 1.093017e+11

3.883060e+05, 7.860236e+04
-2.468714e+10, -5.183264e+10
1.011114e+11, 3.704049e+10
-9.421214e+10, -1.159853e+11
-1.248546e+11, 1.868265e+11
7.335352e+11, 2.591968e+11
1.419921e+12, 1.951077e+11
2.872022e+12, 1.374275e+11
4.494134e+12, 1.097707e+11

3.900110e+05, 7.907074e+04
-2.088338e+10, -5.352489e+10
1.000262e+11, 3.986614e+10
-9.219930e+10, -1.175927e+11
-1.265910e+11, 1.856378e+11
7.331587e+11, 2.602613e+11
1.419808e+12, 1.959363e+11
2.871994e+12, 1.380144e+11
4.494123e+12, 1.102397e+11

3.917182e+05, 7.954401e+04
-1.697051e+10, -5.493747e+10
9.886160e+10, 4.266015e+10
-9.015908e+10, -1.191651e+11
-1.283162e+11, 1.844328e+11
7.327807e+11, 2.613252e+11
1.419694e+12, 1.967649e+11
2.871965e+12, 1.386012e+11
4.494111e+12, 1.107087e+11

3.934276e+05, 8.002239e+04
-1.296916e+10, -5.606366e+10
9.761850e+10, 4.542030e+10
-8.809207e+10, -1.207021e+11
-1.300303e+11, 1.832117e+11
7.324011e+11, 2.623887e+11
1.419580e+12, 1.975934e+11
2.871937e+12, 1.391881e+11
4.494100e+12, 1.111777e+11

3.951392e+05, 8.050609e+04
-8.900361e+09, -5.689828e+10
9.629790e+10, 4.814438e+10
-8.599890e+10, -1.222033e+11
-1.317330e+11, 1.819746e+11
7.320201e+11, 2.634515e+11
1.419465e+12, 1.984219e+11
2.871908e+12, 1.397749e+11
4.494088e+12, 1.116467e+11

3.968527e+05, 8.099534e+04
-4.785382e+09, -5.743770e+10
9.490083e+10, 5.083023e+10
-8.388019e+10, -1.236682e+11
-1.334241e+11, 1.807216e+11
7.316374e+11, 2.645138e+11
1.419350e+12, 1.992502e+11
2.871880e+12, 1.403617e+11
4.494076e+12, 1.121157e+11

3.985682e+05, 8.149036e+04
-6.456321e+08, -5.767984e+10
9.342839e+10, 5.347571e+10
-8.173657e+10, -1.250963e+11
-1.351036e+11, 1.794528e+11
7.312533e+11, 2.655756e+11
1.419234e+12, 2.000786e+11
2.871851e+12, 1.409486e+11
4.494065e+12, 1.125847e+11

4.002855e+05, 8.199135e+04
3.497455e+09, -5.762417e+10
9.188174e+10, 5.607871e+10
-7.956867e+10, -1.264873e+11
-1.367713e+11, 1.781683e+11
7.308675e+11, 2.666368e+11
1.419118e+12, 2.009068e+11
2.871822e+12, 1.415354e+11
4.494053e+12, 1.130537e+11

4.020045e+05, 8.249853e+04
7.622531e+09, -5.727170e+10
9.026208e+10, 5.863716e+10
-7.737714e+10, -1.278408e+11
-1.384271e+11, 1.768683e+11
7.304803e+11, 2.676974e+11
1.419001e+12, 2.017350e+11
2.871793e+12, 1.421222e+11
4.494041e+12, 1.135227e+11

4.037250e+05, 8.301210e+04
1.170844e+10, -5.662496e+10
8.857070e+10, 6.114900e+10
-7.516263e+10, -1.291562e+11
-1.400707e+11, 1.755527e+11
7.300915e+11, 2.687575e+11
1.418884e+12, 2.025631e+11
2.871764e+12, 1.427090e+11
4.494029e+12, 1.139917e+11

4.054468e+05, 8.353225e+04
1.573435e+10, -5.568796e+10
8.680891e+10, 6.361225e+10
-7.292580e+10, -1.304333e+11
-1.417020e+11, 1.742218e+11
7.297012e+11, 2.698170e+11
1.418767e+12, 2.033911e+11
2.871735e+12, 1.432958e+11
4.494017e+12, 1.144607e+11

4.071698e+05, 8.405915e+04
1.967979e+10, -5.446618e+10
8.497812e+10, 6.602492e+10
-7.066731e+10, -1.316717e+11
-1.433210e+11, 1.728757e+11
7.293093e+11, 2.708759e+11
1.418649e+12, 2.042191e+11
2.871705e+12, 1.438826e+11
4.494005e+12, 1.149297e+11

4.088937e+05, 8.459299e+04
2.352482e+10, -5.296651e+10
8.307975e+10, 6.838509e+10
-6.838783e+10, -1.328710e+11
-1.449274e+11, 1.715144e+11
7.289160e+11, 2.719343e+11
1.418530e+12, 2.050470e+11
2.871676e+12, 1.444693e+11
4.493993e+12, 1.153987e+11

4.106184e+05, 8.513393e+04
2.725010e+10, -5.119719e+10
8.111531e+10, 7.069086e+10
-6.608804e+10, -1.340308e+11
-1.465211e+11, 1.701381e+11
7.285210e+11, 2.729921e+11
1.418411e+12, 2.058749e+11
2.871646e+12, 1.450561e+11
4.493981e+12, 1.158677e+11

4.123435e+05, 8.568210e+04
3.083696e+10, -4.916781e+10
7.908633e+10, 7.294040e+10
-6.376863e+10, -1.351508e+11
-1.481021e+11, 1.687469e+11
7.281246e+11, 2.740493e+11
1.418292e+12, 2.067026e+11
2.871616e+12, 1.456429e+11
4.493969e+12, 1.163367e+11

4.140690e+05, 8.623766e+04
3.426751e+10, -4.688918e+10
7.699442e+10, 7.513189e+10
-6.143028e+10, -1.362307e+11
-1.496700e+11, 1.673410e+11
7.277266e+11, 2.751060e+11
1.418172e+12, 2.075303e+11
2.871587e+12, 1.462297e+11
4.493956e+12, 1.168057e+11

4.157944e+05, 8.680073e+04
3.752469e+10, -4.437334e+10
7.484122e+10, 7.726358e+10
-5.907369e+10, -1.372702e+11
-1.512248e+11, 1.659204e+11
7.273271e+11, 2.761620e+11
1.418051e+12, 2.083580e+11
2.871557e+12, 1.468164e+11
4.493944e+12, 1.172747e+11

4.175197e+05, 8.737140e+04
4.059240e+10, -4.163342e+10
7.262844e+10, 7.933375e+10
-5.669955e+10, -1.382688e+11
-1.527664e+11, 1.644852e+11
7.269260e+11, 2.772175e+11
1.417930e+12, 2.091855e+11
2.871527e+12, 1.474032e+11
4.493932e+12, 1.177437e+11

4.192444e+05, 8.794978e+04
4.345550e+10, -3.868365e+10
7.035782e+10, 8.134074e+10
-5.430858e+10, -1.392264e+11
-1.542946e+11, 1.630357e+11
7.265235e+11, 2.782724e+11
1.417809e+12, 2.100130e+11
2.871496e+12, 1.479899e+11
4.493919e+12, 1.182127e+11

4.209683e+05, 8.853595e+04
4.609991e+10, -3.553920e+10
6.803115e+10, 8.328293e+10
-5.190149e+10, -1.401427e+11
-1.558093e+11, 1.615719e+11
7.261194e+11, 2.793267e+11
1.417687e+12, 2.108405e+11
2.871466e+12, 1.485767e+11
4.493907e+12, 1.186817e+11

4.226912e+05, 8.912996e+04
4.851269e+10, -3.221617e+10
6.565027e+10, 8.515876e+10
-4.947898e+10, -1.410174e+11
-1.573103e+11, 1.600939e+11
7.257137e+11, 2.803805e+11
1.417564e+12, 2.116678e+11
2.871436e+12, 1.491634e+11
4.493895e+12, 1.191507e+11

4.244127e+05, 8.973187e+04
5.068204e+10, -2.873149e+10
6.321706e+10, 8.696670e+10
-4.704178e+10, -1.418502e+11
-1.587975e+11, 1.586018e+11
7.253066e+11, 2.814336e+11
1.417442e+12, 2.124951e+11
2.871405e+12, 1.497501e+11
4.493882e+12, 1.196197e+11

4.261325e+05, 9.034170e+04
5.259740e+10, -2.510282e+10
6.073345e+10, 8.870530e+10
-4.459061e+10, -1.426409e+11
-1.602708e+11, 1.570959e+11
7.248979e+11, 2.824862e+11
1.417318e+12, 2.133223e+11
2.871374e+12, 1.503369e+11
4.493870e+12, 1.200886e+11

4.278504e+05, 9.095947e+04
5.424946e+10, -2.134848e+10
5.820140e+10, 9.037315e+10
-4.212621e+10, -1.433892e+11
-1.617301e+11, 1.555762e+11
7.244877e+11, 2.835381e+11
1.417194e+12, 2.141494e+11
2.871343e+12, 1.509236e+11
4.493857e+12, 1.205576e+11

4.295660e+05, 9.158518e+04
5.563019e+10, -1.748736e+10
5.562291e+10, 9.196889e+10
-3.964929e+10, -1.440950e+11
-1.631752e+11, 1.540429e+11
7.240759e+11, 2.845895e+11
1.417070e+12, 2.149765e+11
2.871313e+12, 1.515103e+11
4.493844e+12, 1.210266e+11

4.312791e+05, 9.221879e+04
5.673292e+10, -1.353885e+10
5.300003e+10, 9.349123e+10
-3.716060e+10, -1.447580e+11
-1.646059e+11, 1.524960e+11
7.236627e+11, 2.856402e+11
1.416945e+12, 2.158035e+11
2.871281e+12, 1.520970e+11
4.493832e+12, 1.214956e+11

4.329893e+05, 9.286029e+04
5.755229e+10, -9.522723e+09
5.033484e+10, 9.493892e+10
-3.466088e+10, -1.453780e+11
-1.660223e+11, 1.509358e+11
7.232479e+11, 2.866904e+11
1.416820e+12, 2.166304e+11
2.871250e+12, 1.526837e+11
4.493819e+12, 1.219646e+11

4.346963e+05, 9.350960e+04
5.808436e+10, -5.459050e+09
4.762944e+10, 9.631079e+10
-3.215087e+10, -1.459548e+11
-1.674240e+11, 1.493623e+11
7.228316e+11, 2.877399e+11
1.416694e+12, 2.174573e+11
2.871219e+12, 1.532704e+11
4.493806e+12, 1.224336e+11

4.363998e+05, 9.416666e+04
5.832654e+10, -1.368132e+09
4.488600e+10, 9.760572e+10
-2.963131e+10, -1.464883e+11
-1.688111e+11, 1.477757e+11
7.224138e+11, 2.887889e+11
1.416568e+12, 2.182840e+11
2.871188e+12, 1.538571e+11
4.493793e+12, 1.229025e+11

4.380996e+05, 9.483137e+04
5.827767e+10, 2.729616e+09
4.210669e+10, 9.882263e+10
-2.710296e+10, -1.469784e+11
-1.701833e+11, 1.461762e+11
7.219945e+11, 2.898372e+11
1.416441e+12, 2.191107e+11
2.871156e+12, 1.544437e+11
4.493780e+12, 1.233715e+11

4.397953e+05, 9.550364e+04
5.793796e+10, 6.813743e+09
3.929371e+10, 9.996054e+10
-2.456656e+10, -1.474248e+11
-1.715407e+11, 1.445638e+11
7.215736e+11, 2.908849e+11
1.416314e+12, 2.199374e+11
2.871124e+12, 1.550304e+11
4.493767e+12, 1.238405e+11

4.414865e+05, 9.618333e+04
5.730905e+10, 1.086386e+10
3.644931e+10, 1.010185e+11
-2.202286e+10, -1.478274e+11
-1.728829e+11, 1.429388e+11
7.211512e+11, 2.919320e+11
1.416187e+12, 2.207639e+11
2.871093e+12, 1.556171e+11
4.493754e+12, 1.243095e+11

4.431731e+05, 9.687030e+04
5.639397e+10, 1.485973e+10
3.357575e+10, 1.019956e+11
-1.947263e+10, -1.481862e+11
-1.742100e+11, 1.413012e+11
7.207273e+11, 2.929785e+11
1.416058e+12, 2.215904e+11
2.871061e+12, 1.562037e+11
4.493741e+12, 1.247784e+11

4.448548e+05, 9.756440e+04
5.519713e+10, 1.878135e+10
3.067531e+10, 1.028911e+11
-1.691662e+10, -1.485010e+11
-1.755218e+11, 1.396512e+11
7.203019e+11, 2.940244e+11
1.415930e+12, 2.224168e+11
2.871029e+12, 1.567904e+11
4.493728e+12, 1.252474e+11

4.465311e+05, 9.826545e+04
5.372432e+10, 2.260908e+10
2.775032e+10, 1.037042e+11
-1.435558e+10, -1.487717e+11
-1.768181e+11, 1.379889e+11
7.198750e+11, 2.950697e+11
1.415801e+12, 2.232431e+11
2.870997e+12, 1.573770e+11
4.493715e+12, 1.257164e+11

4.482020e+05, 9.897325e+04
5.198266e+10, 2.632366e+10
2.480310e+10, 1.044343e+11
-1.179028e+10, -1.489983e+11
-1.780990e+11, 1.363145e+11
7.194465e+11, 2.961143e+11
1.415671e+12, 2.240694e+11
2.870964e+12, 1.579637e+11
4.493702e+12, 1.261853e+11

4.498671e+05, 9.968761e+04
4.998059e+10, 2.990637e+10
2.183601e+10, 1.050807e+11
-9.221483e+09, -1.491806e+11
-1.793641e+11, 1.346281e+11
7.190166e+11, 2.971584e+11
1.415541e+12, 2.248956e+11
2.870932e+12, 1.585503e+11
4.493689e+12, 1.266543e+11

4.515261e+05, 1.004083e+05
4.772785e+10, 3.333909e+10
1.885142e+10, 1.056428e+11
-6.649945e+09, -1.493186e+11
-1.806136e+11, 1.329299e+11
7.185851e+11, 2.982017e+11
1.415411e+12, 2.257217e+11
2.870899e+12, 1.591369e+11
4.493675e+12, 1.271233e+11

4.531788e+05, 1.011350e+05
4.523543e+10, 3.660439e+10
1.585171e+10, 1.061202e+11
-4.076433e+09, -1.494124e+11
-1.818471e+11, 1.312200e+11
7.181522e+11, 2.992445e+11
1.415280e+12, 2.265477e+11
2.870867e+12, 1.597236e+11
4.493662e+12, 1.275922e+11

4.548251e+05, 1.018676e+05
4.251550e+10, 3.968558e+10
1.283929e+10, 1.065125e+11
-1.501709e+09, -1.494618e+11
-1.830647e+11, 1.294986e+11
7.177177e+11, 3.002867e+11
1.415148e+12, 2.273736e+11
2.870834e+12, 1.603102e+11
4.493649e+12, 1.280612e+11

4.564645e+05, 1.026058e+05
3.958139e+10, 4.256686e+10
9.816563e+09, 1.068193e+11
1.073461e+09, -1.494668e+11
-1.842662e+11, 1.277658e+11
7.172817e+11, 3.013282e+11
1.415016e+12, 2.281995e+11
2.870801e+12, 1.608968e+11
4.493635e+12, 1.285302e+11

4.580970e+05, 1.033492e+05
3.644756e+10, 4.523333e+10
6.785960e+09, 1.070404e+11
3.648315e+09, -1.494275e+11
-1.854515e+11, 1.260218e+11
7.168442e+11, 3.023690e+11
1.414884e+12, 2.290253e+11
2.870768e+12, 1.614834e+11
4.493622e+12, 1.289991e+11

4.597224e+05, 1.040976e+05
3.312947e+10, 4.767113e+10
3.749909e+09, 1.071754e+11
6.222087e+09, -1.493438e+11
-1.866204e+11, 1.242667e+11
7.164051e+11, 3.034093e+11
1.414751e+12, 2.298510e+11
2.870735e+12, 1.620700e+11
4.493608e+12, 1.294681e+11

4.613404e+05, 1.048507e+05
2.964357e+10, 4.986746e+10
7.108464e+08, 1.072244e+11
8.794014e+09, -1.492158e+11
-1.877730e+11, 1.225007e+11
7.159646e+11, 3.044489e+11
1.414617e+12, 2.306767e+11
2.870702e+12, 1.626566e+11
4.493594e+12, 1.299370e+11

4.629509e+05, 1.056082e+05
2.600720e+10, 5.181068e+10
-2.328785e+09, 1.071871e+11
1.136333e+10, -1.490436e+11
-1.889091e+11, 1.207239e+11
7.155226e+11, 3.054878e+11
1.414484e+12, 2.315023e+11
2.870669e+12, 1.632431e+11
4.493581e+12, 1.304060e+11

4.645538e+05, 1.063696e+05
2.223856e+10, 5.349036e+10
-5.366542e+09, 1.070637e+11
1.392928e+10, -1.488271e+11
-1.900285e+11, 1.189365e+11
7.150791e+11, 3.065261e+11
1.414349e+12, 2.323277e+11
2.870635e+12, 1.638297e+11
4.493567e+12, 1.308749e+11

4.661489e+05, 1.071347e+05
1.835655e+10, 5.489735e+10
-8.399979e+09, 1.068542e+11
1.649110e+10, -1.485665e+11
-1.911312e+11, 1.171386e+11
7.146340e+11, 3.075638e+11
1.414214e+12, 2.331532e+11
2.870602e+12, 1.644163e+11
4.493553e+12, 1.313439e+11

4.677361e+05, 1.079031e+05
1.438075e+10, 5.602385e+10
-1.142665e+10, 1.065586e+11
1.904802e+10, -1.482617e+11
-1.922171e+11, 1.153304e+11
7.141875e+11, 3.086008e+11
1.414079e+12, 2.339785e+11
2.870568e+12, 1.650028e+11
4.493540e+12, 1.318129e+11

4.693154e+05, 1.086745e+05
1.033131e+10, 5.686344e+10
-1.444413e+10, 1.061773e+11
2.159930e+10, -1.479130e+11
-1.932861e+11, 1.135121e+11
7.137395e+11, 3.096372e+11
1.413943e+12, 2.348038e+11
2.870534e+12, 1.655894e+11
4.493526e+12, 1.322818e+11

4.708866e+05, 1.094485e+05
6.228835e+09, 5.741112e+10
-1.744996e+10, 1.057104e+11
2.414417e+10, -1.475204e+11
-1.943381e+11, 1.116838e+11
7.132899e+11, 3.106729e+11
1.413807e+12, 2.356289e+11
2.870500e+12, 1.661759e+11
4.493512e+12, 1.327507e+11

4.724496e+05, 1.102247e+05
2.094310e+09, 5.766336e+10
-2.044174e+10, 1.051584e+11
2.668188e+10, -1.470841e+11
-1.953730e+11, 1.098456e+11
7.128389e+11, 3.117080e+11
1.413670e+12, 2.364540e+11
2.870466e+12, 1.667625e+11
4.493498e+12, 1.332197e+11

4.740046e+05, 1.110027e+05
-2.051013e+09, 5.761816e+10
-2.341703e+10, 1.045216e+11
2.921167e+10, -1.466040e+11
-1.963907e+11, 1.079978e+11
7.123863e+11, 3.127424e+11
1.413533e+12, 2.372790e+11
2.870432e+12, 1.673490e+11
4.493484e+12, 1.336886e+11

4.755514e+05, 1.117821e+05
-6.185727e+09, 5.727503e+10
-2.637344e+10, 1.038005e+11
3.173280e+10, -1.460806e+11
-1.973911e+11, 1.061405e+11
7.119323e+11, 3.137761e+11
1.413395e+12, 2.381040e+11
2.870398e+12, 1.679355e+11
4.493470e+12, 1.341576e+11

4.770901e+05, 1.125626e+05
-1.028837e+10, 5.663501e+10
-2.930858e+10, 1.029957e+11
3.424451e+10, -1.455137e+11
-1.983741e+11, 1.042738e+11
7.114767e+11, 3.148092e+11
1.413257e+12, 2.389288e+11
2.870363e+12, 1.685221e+11
4.493456e+12, 1.346265e+11

4.786206e+05, 1.133438e+05
-1.433756e+10, 5.570073e+10
-3.222005e+10, 1.021077e+11
3.674607e+10, -1.449037e+11
-1.993397e+11, 1.023980e+11
7.110197e+11, 3.158417e+11
1.413119e+12, 2.397536e+11
2.870329e+12, 1.691086e+11
4.493442e+12, 1.350955e+11

4.801432e+05, 1.141252e+05
-1.831207e+10, 5.447634e+10
-3.510552e+10, 1.011374e+11
3.923673e+10, -1.442507e+11
-2.002877e+11, 1.005131e+11
7.105612e+11, 3.168734e+11
1.412979e+12, 2.405783e+11
2.870294e+12, 1.696951e+11
4.493428e+12, 1.355644e+11

4.816578e+05, 1.149066e+05
-2.219098e+10, 5.296757e+10
-3.796262e+10, 1.000853e+11
4.171575e+10, -1.435550e+11
-2.012181e+11, 9.861942e+10
7.101011e+11, 3.179045e+11
1.412840e+12, 2.414029e+11
2.870259e+12, 1.702816e+11
4.493413e+12, 1.360333e+11

4.831645e+05, 1.156874e+05
-2.595377e+10, 5.118166e+10
-4.078906e+10, 9.895239e+10
4.418240e+10, -1.428166e+11
-2.021307e+11, 9.671703e+10
7.096396e+11, 3.189350e+11
1.412700e+12, 2.422275e+11
2.870224e+12, 1.708681e+11
4.493399e+12, 1.365023e+11

4.846636e+05, 1.164674e+05
-2.958047e+10, 4.912736e+10
-4.358252e+10, 9.773949e+10
4.663595e+10, -1.420359e+11
-2.030255e+11, 9.480612e+10
7.091766e+11, 3.199647e+11
1.412559e+12, 2.430519e+11
2.870189e+12, 1.714545e+11
4.493385e+12, 1.369712e+11

4.861551e+05, 1.172462e+05
-3.305171e+10, 4.681490e+10
-4.634074e+10, 9.644755e+10
4.907566e+10, -1.412130e+11
-2.039025e+11, 9.288685e+10
7.087121e+11, 3.209938e+11
1.412418e+12, 2.438763e+11
2.870154e+12, 1.720410e+11
4.493370e+12, 1.374402e+11

4.876392e+05, 1.180234e+05
-3.634892e+10, 4.425594e+10
-4.906147e+10, 9.507761e+10
5.150082e+10, -1.403483e+11
-2.047615e+11, 9.095941e+10
7.082461e+11, 3.220222e+11
1.412277e+12, 2.447006e+11
2.870119e+12, 1.726275e+11
4.493356e+12, 1.379091e+11

4.891161e+05, 1.187986e+05
-3.945435e+10, 4.146350e+10
-5.174251e+10, 9.363073e+10
5.391071e+10, -1.394419e+11
-2.056024e+11, 8.902395e+10
7.077786e+11, 3.230499e+11
1.412135e+12, 2.455248e+11
2.870084e+12, 1.732139e+11
4.493341e+12, 1.383780e+11

4.905861e+05, 1.195716e+05
-4.235125e+10, 3.845191e+10
-5.438165e+10, 9.210806e+10
5.630461e+10, -1.384942e+11
-2.064253e+11, 8.708065e+10
7.073097e+11, 3.240770e+11
1.411992e+12, 2.463489e+11
2.870048e+12, 1.738004e+11
4.493327e+12, 1.388469e+11

4.920493e+05, 1.203419e+05
-4.502393e+10, 3.523674e+10
-5.697676e+10, 9.051080e+10
5.868182e+10, -1.375054e+11
-2.072299e+11, 8.512968e+10
7.068392e+11, 3.251033e+11
1.411849e+12, 2.471730e+11
2.870012e+12, 1.743868e+11
4.493312e+12, 1.393159e+11

4.935061e+05, 1.211093e+05
-4.745786e+10, 3.183474e+10
-5.952572e+10, 8.884023e+10
6.104162e+10, -1.364759e+11
-2.080163e+11, 8.317120e+10
7.063672e+11, 3.261290e+11
1.411706e+12, 2.479969e+11
2.869977e+12, 1.749733e+11
4.493298e+12, 1.397848e+11

4.949566e+05, 1.218736e+05
-4.963979e+10, 2.826369e+10
-6.202643e+10, 8.709767e+10
6.338332e+10, -1.354058e+11
-2.087843e+11, 8.120539e+10
7.058938e+11, 3.271540e+11
1.411562e+12, 2.488208e+11
2.869941e+12, 1.755597e+11
4.493283e+12, 1.402537e+11

4.964014e+05, 1.226344e+05
-5.155779e+10, 2.454238e+10
-6.447687e+10, 8.528451e+10
6.570623e+10, -1.342956e+11
-2.095340e+11, 7.923243e+10
7.054189e+11, 3.281783e+11
1.411418e+12, 2.496446e+11
2.869905e+12, 1.761461e+11
4.493268e+12, 1.407226e+11

4.978405e+05, 1.233914e+05
-5.320137e+10, 2.069043e+10
-6.687502e+10, 8.340219e+10
6.800965e+10, -1.331456e+11
-2.102651e+11, 7.725248e+10
7.049425e+11, 3.292020e+11
1.411273e+12, 2.504683e+11
2.869869e+12, 1.767326e+11
4.493254e+12, 1.411916e+11

4.992744e+05, 1.241445e+05
-5.456150e+10, 1.672826e+10
-6.921893e+10, 8.145222e+10
7.029291e+10, -1.319561e+11
-2.109777e+11, 7.526572e+10
7.044646e+11, 3.302249e+11
1.411127e+12, 2.512919e+11
2.869833e+12, 1.773190e+11
4.493239e+12, 1.416605e+11

5.007033e+05, 1.248934e+05
-5.563072e+10, 1.267690e+10
-7.150666e+10, 7.943616e+10
7.255533e+10, -1.307274e+11
-2.116718e+11, 7.327232e+10
7.039852e+11, 3.312471e+11
1.410982e+12, 2.521155e+11
2.869796e+12, 1.779054e+11
4.493224e+12, 1.421294e+11

5.021278e+05, 1.256379e+05
-5.640314e+10, 8.557906e+09
-7.373636e+10, 7.735563e+10
7.479624e+10, -1.294601e+11
-2.123471e+11, 7.127246e+10
7.035044e+11, 3.322687e+11
1.410835e+12, 2.529389e+11
2.869760e+12, 1.784918e+11
4.493209e+12, 1.425983e+11

5.035480e+05, 1.263780e+05
-5.687452e+10, 4.393240e+09
-7.590618e+10, 7.521229e+10
7.701497e+10, -1.281543e+11
-2.130037e+11, 6.926632e+10
7.030221e+11, 3.332895e+11
1.410689e+12, 2.537623e+11
2.869723e+12, 1.790782e+11
4.493194e+12, 1.430672e+11

5.049644e+05, 1.271133e+05
-5.704227e+10, 2.051208e+08
-7.801436e+10, 7.300787e+10
7.921087e+10, -1.268105e+11
-2.136416e+11, 6.725407e+10
7.025383e+11, 3.343096e+11
1.410541e+12, 2.545856e+11
2.869687e+12, 1.796645e+11
4.493179e+12, 1.435362e+11

5.063774e+05, 1.278439e+05
-5.690546e+10, -3.984092e+09
-8.005915e+10, 7.074413e+10
8.138328e+10, -1.254291e+11
-2.142606e+11, 6.523589e+10
7.020530e+11, 3.353291e+11
1.410394e+12, 2.554088e+11
2.869650e+12, 1.802509e+11
4.493164e+12, 1.440051e+11

5.077873e+05, 1.285696e+05
-5.646487e+10, -8.152034e+09
-8.203889e+10, 6.842291e+10
8.353157e+10, -1.240105e+11
-2.148607e+11, 6.321196e+10
7.015662e+11, 3.363478e+11
1.410245e+12, 2.562319e+11
2.869613e+12, 1.808373e+11
4.493149e+12, 1.444740e+11

5.091945e+05, 1.292904e+05
-5.572293e+10, -1.227647e+10
-8.395193e+10, 6.604607e+10
8.565509e+10, -1.225552e+11
-2.154418e+11, 6.118245e+10
7.010780e+11, 3.373658e+11
1.410097e+12, 2.570550e+11
2.869576e+12, 1.814236e+11
4.493134e+12, 1.449429e+11

5.105995e+05, 1.300062e+05
-5.468375e+10, -1.633542e+10
-8.579672e+10, 6.361552e+10
8.775323e+10, -1.210635e+11
-2.160040e+11, 5.914754e+10
7.005883e+11, 3.383831e+11
1.409948e+12, 2.578779e+11
2.869539e+12, 1.820100e+11
4.493119e+12, 1.454118e+11

5.120025e+05, 1.307170e+05
-5.335305e+10, -2.030728e+10
-8.757172e+10, 6.113324e+10
8.982535e+10, -1.195360e+11
-2.165470e+11, 5.710742e+10
7.000971e+11, 3.393997e+11
1.409798e+12, 2.587008e+11
2.869501e+12, 1.825963e+11
4.493103e+12, 1.458807e+11

5.134039e+05, 1.314228e+05
-5.173816e+10, -2.417097e+10
-8.927548e+10, 5.860123e+10
9.187084e+10, -1.179730e+11
-2.170710e+11, 5.506225e+10
6.996044e+11, 3.404156e+11
1.409648e+12, 2.595235e+11
2.869464e+12, 1.831827e+11
4.493088e+12, 1.463496e+11

5.148043e+05, 1.321237e+05
-4.984795e+10, -2.790605e+10
-9.090660e+10, 5.602154e+10
9.388911e+10, -1.163750e+11
-2.175758e+11, 5.301223e+10
6.991103e+11, 3.414307e+11
1.409497e+12, 2.603462e+11
2.869426e+12, 1.837690e+11
4.493073e+12, 1.468185e+11

5.162038e+05, 1.328197e+05
-4.769279e+10, -3.149279e+10
-9.246373e+10, 5.339625e+10
9.587954e+10, -1.147426e+11
-2.180614e+11, 5.095753e+10
6.986147e+11, 3.424452e+11
1.409346e+12, 2.611688e+11
2.869389e+12, 1.843553e+11
4.493057e+12, 1.472874e+11

5.176028e+05, 1.335108e+05
-4.528445e+10, -3.491236e+10
-9.394558e+10, 5.072749e+10
9.784156e+10, -1.130761e+11
-2.185278e+11, 4.889834e+10
6.981176e+11, 3.434589e+11
1.409195e+12, 2.619913e+11
2.869351e+12, 1.849416e+11
4.493042e+12, 1.477563e+11

5.190018e+05, 1.341972e+05
-4.263608e+10, -3.814688e+10
-9.535093e+10, 4.801742e+10
9.977457e+10, -1.113761e+11
-2.189749e+11, 4.683483e+10
6.976191e+11, 3.444719e+11
1.409043e+12, 2.628137e+11
2.869313e+12, 1.855279e+11
4.493026e+12, 1.482252e+11

5.204010e+05, 1.348791e+05
-3.976207e+10, -4.117951e+10
-9.667863e+10, 4.526826e+10
1.016780e+11, -1.096431e+11
-2.194027e+11, 4.476719e+10
6.971191e+11, 3.454842e+11
1.408890e+12, 2.636361e+11
2.869275e+12, 1.861142e+11
4.493011e+12, 1.486941e+11

5.218007e+05, 1.355564e+05
-3.667799e+10, -4.399459e+10
-9.792757e+10, 4.248221e+10
1.035513e+11, -1.078776e+11
-2.198111e+11, 4.269559e+10
6.966176e+11, 3.464957e+11
1.408737e+12, 2.644583e+11
2.869237e+12, 1.867005e+11
4.492995e+12, 1.491630e+11

5.232013e+05, 1.362295e+05
-3.340048e+10, -4.657766e+10
-9.909673e+10, 3.966156e+10
1.053940e+11, -1.060801e+11
-2.202000e+11, 4.062023e+10
6.961147e+11, 3.475066e+11
1.408584e+12, 2.652805e+11
2.869199e+12, 1.872868e+11
4.492979e+12, 1.496319e+11

5.246031e+05, 1.368984e+05
-2.994718e+10, -4.891559e+10
-1.001851e+11, 3.680859e+10
1.072053e+11, -1.042512e+11
-2.205696e+11, 3.854128e+10
6.956103e+11, 3.485167e+11
1.408430e+12, 2.661025e+11
2.869160e+12, 1.878731e+11
4.492964e+12, 1.501008e+11

5.260063e+05, 1.375634e+05
-2.633659e+10, -5.099660e+10
-1.011919e+11, 3.392561e+10
1.089850e+11, -1.023914e+11
-2.209197e+11, 3.645893e+10
6.951044e+11, 3.495260e+11
1.408276e+12, 2.669245e+11
2.869122e+12, 1.884593e+11
4.492948e+12, 1.505697e+11

5.274112e+05, 1.382246e+05
-2.258796e+10, -5.281033e+10
-1.021161e+11, 3.101499e+10
1.107323e+11, -1.005012e+11
-2.212503e+11, 3.437337e+10
6.945971e+11, 3.505346e+11
1.408121e+12, 2.677464e+11
2.869083e+12, 1.890456e+11
4.492932e+12, 1.510386e+11

5.288180e+05, 1.388822e+05
-1.872120e+10, -5.434789e+10
-1.029571e+11, 2.807908e+10
1.124468e+11, -9.858129e+10
-2.215613e+11, 3.228476e+10
6.940883e+11, 3.515425e+11
1.407966e+12, 2.685682e+11
2.869044e+12, 1.896318e+11
4.492916e+12, 1.515074e+11

5.302270e+05, 1.395366e+05
-1.475676e+10, -5.560189e+10
-1.037142e+11, 2.512027e+10
1.141280e+11, -9.663213e+10
-2.218528e+11, 3.019331e+10
6.935781e+11, 3.525497e+11
1.407810e+12, 2.693899e+11
2.869005e+12, 1.902181e+11
4.492900e+12, 1.519763e+11

5.316384e+05, 1.401878e+05
-1.071550e+10, -5.656645e+10
-1.043867e+11, 2.214098e+10
1.157753e+11, -9.465434e+10
-2.221247e+11, 2.809920e+10
6.930664e+11, 3.535561e+11
1.407653e+12, 2.702115e+11
2.868967e+12, 1.908043e+11
4.492884e+12, 1.524452e+11

5.330523e+05, 1.408362e+05
-6.618592e+09, -5.723727e+10
-1.049740e+11, 1.914363e+10
1.173884e+11, -9.264849e+10
-2.223769e+11, 2.600260e+10
6.925532e+11, 3.545617e+11
1.407497e+12, 2.710330e+11
2.868927e+12, 1.913906e+11
4.492868e+12, 1.529141e+11

5.344689e+05, 1.414820e+05
-2.487391e+09, -5.761156e+10
-1.054757e+11, 1.613067e+10
1.189667e+11, -9.061520e+10
-2.226096e+11, 2.390370e+10
6.920386e+11, 3.555666e+11
1.407339e+12, 2.718545e+11
2.868888e+12, 1.919768e+11
4.492852e+12, 1.533830e+11

5.358885e+05, 1.421254e+05
1.656669e+09, -5.768811e+10
-1.058914e+11, 1.310456e+10
1.205097e+11, -8.855505e+10
-2.228226e+11, 2.180270e+10
6.915225e+11, 3.565708e+11
1.407182e+12, 2.726758e+11
2.868849e+12, 1.925630e+11
4.492836e+12, 1.538519e+11

5.373110e+05, 1.427667e+05
5.792192e+09, -5.746726e+10
-1.062207e+11, 1.006775e+10
1.220170e+11, -8.646866e+10
-2.230159e+11, 1.969977e+10
6.910050e+11, 3.575742e+11
1.407024e+12, 2.734971e+11
2.868809e+12, 1.931492e+11
4.492820e+12, 1.543207e+11

5.387367e+05, 1.434061e+05
9.897930e+09, -5.695084e+10
-1.064633e+11, 7.022728e+09
1.234882e+11, -8.435665e+10
-2.231895e+11, 1.759510e+10
6.904860e+11, 3.585769e+11
1.406865e+12, 2.743182e+11
2.868770e+12, 1.937354e+11
4.492804e+12, 1.547896e+11

5.401655e+05, 1.440440e+05
1.395289e+10, -5.614223e+10
-1.066191e+11, 3.971978e+09
1.249228e+11, -8.221964e+10
-2.233434e+11, 1.548888e+10
6.899655e+11, 3.595788e+11
1.406706e+12, 2.751393e+11
2.868730e+12, 1.943216e+11
4.492788e+12, 1.552585e+11

5.415977e+05, 1.446804e+05
1.793643e+10, -5.504624e+10
-1.066879e+11, 9.179876e+08
1.263204e+11, -8.005828e+10
-2.234776e+11, 1.338129e+10
6.894437e+11, 3.605799e+11
1.406546e+12, 2.759603e+11
2.868690e+12, 1.949077e+11
4.492771e+12, 1.557274e+11

5.430333e+05, 1.453158e+05
2.182838e+10, -5.366913e+10
-1.066696e+11, -2.136751e+09
1.276805e+11, -7.787319e+10
-2.235920e+11, 1.127252e+10
6.889203e+11, 3.615803e+11
1.406386e+12, 2.767812e+11
2.868650e+12, 1.954939e+11
4.492755e+12, 1.561962e+11

5.444723e+05, 1.459503e+05
2.560911e+10, -5.201857e+10
-1.065642e+11, -5.189746e+09
1.290029e+11, -7.566503e+10
-2.236867e+11, 9.162758e+09
6.883955e+11, 3.625799e+11
1.406226e+12, 2.776020e+11
2.868610e+12, 1.960801e+11
4.492739e+12, 1.566651e+11

5.459147e+05, 1.465842e+05
2.925965e+10, -5.010353e+10
-1.063720e+11, -8.238505e+09
1.302870e+11, -7.343446e+10
-2.237616e+11, 7.052184e+09
6.878693e+11, 3.635788e+11
1.406065e+12, 2.784227e+11
2.868570e+12, 1.966662e+11
4.492722e+12, 1.571340e+11

5.473607e+05, 1.472177e+05
3.276174e+10, -4.793429e+10
-1.060929e+11, -1.128054e+10
1.315325e+11, -7.118213e+10
-2.238168e+11, 4.940987e+09
6.873416e+11, 3.645769e+11
1.405903e+12, 2.792433e+11
2.868530e+12, 1.972524e+11
4.492706e+12, 1.576028e+11

5.488101e+05, 1.478511e+05
3.609795e+10, -4.552234e+10
-1.057272e+11, -1.431337e+10
1.327391e+11, -6.890871e+10
-2.238522e+11, 2.829354e+09
6.868125e+11, 3.655742e+11
1.405741e+12, 2.800638e+11
2.868489e+12, 1.978385e+11
4.492689e+12, 1.580717e+11

5.502629e+05, 1.484846e+05
3.925175e+10, -4.288035e+10
-1.052753e+11, -1.733452e+10
1.339063e+11, -6.661488e+10
-2.238678e+11, 7.174714e+08
6.862819e+11, 3.665708e+11
1.405579e+12, 2.808842e+11
2.868449e+12, 1.984246e+11
4.492673e+12, 1.585405e+11

5.517192e+05, 1.491183e+05
4.220754e+10, -4.002204e+10
-1.047375e+11, -2.034153e+10
1.350339e+11, -6.430131e+10
-2.238637e+11, -1.394474e+09
6.857499e+11, 3.675666e+11
1.405416e+12, 2.817045e+11
2.868408e+12, 1.990108e+11
4.492656e+12, 1.590094e+11

5.531789e+05, 1.497526e+05
4.495080e+10, -3.696219e+10
-1.041142e+11, -2.333194e+10
1.361215e+11, -6.196869e+10
-2.238397e+11, -3.506296e+09
6.852165e+11, 3.685616e+11
1.405252e+12, 2.825247e+11
2.868368e+12, 1.995969e+11
4.492639e+12, 1.594783e+11

5.546420e+05, 1.503877e+05
4.746804e+10, -3.371650e+10
-1.034060e+11, -2.630331e+10
1.371687e+11, -5.961772e+10
-2.237960e+11, -5.617808e+09
6.846816e+11, 3.695559e+11
1.405088e+12, 2.833449e+11
2.868327e+12, 2.001830e+11
4.492623e+12, 1.599471e+11

5.561084e+05, 1.510236e+05
4.974696e+10, -3.030151e+10
-1.026134e+11, -2.925322e+10
1.381754e+11, -5.724909e+10
-2.237326e+11, -7.728823e+09
6.841452e+11, 3.705493e+11
1.404924e+12, 2.841649e+11
2.868286e+12, 2.007691e+11
4.492606e+12, 1.604160e+11

5.575781e+05, 1.516607e+05
5.177644e+10, -2.673459e+10
-1.017371e+11, -3.217928e+10
1.391411e+11, -5.486350e+10
-2.236494e+11, -9.839155e+09
6.836074e+11, 3.715420e+11
1.404759e+12, 2.849848e+11
2.868244e+12, 2.013552e+11
4.492589e+12, 1.608848e+11

5.590508e+05, 1.522991e+05
5.354659e+10, -2.303376e+10
-1.007778e+11, -3.507908e+10
1.400656e+11, -5.246166e+10
-2.235464e+11, -1.194862e+10
6.830682e+11, 3.725339e+11
1.404594e+12, 2.858047e+11
2.868203e+12, 2.019412e+11
4.492572e+12, 1.613537e+11

5.605267e+05, 1.529389e+05
5.504883e+10, -1.921767e+10
-9.973634e+10, -3.795027e+10
1.409486e+11, -5.004427e+10
-2.234236e+11, -1.405702e+10
6.825276e+11, 3.735251e+11
1.404428e+12, 2.866244e+11
2.868162e+12, 2.025273e+11
4.492555e+12, 1.618225e+11

5.620056e+05, 1.535803e+05
5.627585e+10, -1.530551e+10
-9.861353e+10, -4.079051e+10
1.417898e+11, -4.761207e+10
-2.232812e+11, -1.616419e+10
6.819855e+11, 3.745154e+11
1.404262e+12, 2.874441e+11
2.868120e+12, 2.031134e+11
4.492538e+12, 1.622914e+11

5.634874e+05, 1.542235e+05
5.722173e+10, -1.131688e+10
-9.741032e+10, -4.359750e+10
1.425891e+11, -4.516576e+10
-2.231190e+11, -1.826993e+10
6.814420e+11, 3.755049e+11
1.404095e+12, 2.882636e+11
2.868079e+12, 2.036994e+11
4.492521e+12, 1.627602e+11

5.649719e+05, 1.548687e+05
5.788187e+10, -7.271736e+09
-9.612768e+10, -4.636894e+10
1.433462e+11, -4.270608e+10
-2.229371e+11, -2.037405e+10
6.808970e+11, 3.764937e+11
1.403928e+12, 2.890831e+11
2.868037e+12, 2.042855e+11
4.492504e+12, 1.632291e+11

5.664591e+05, 1.555158e+05
5.825309e+10, -3.190293e+09
-9.476669e+10, -4.910258e+10
1.440608e+11, -4.023375e+10
-2.227355e+11, -2.247637e+10
6.803506e+11, 3.774817e+11
1.403760e+12, 2.899025e+11
2.867995e+12, 2.048715e+11
4.492487e+12, 1.636979e+11

5.679489e+05, 1.561651e+05
5.833358e+10, 9.070736e+08
-9.332846e+10, -5.179620e+10
1.447327e+11, -3.774950e+10
-2.225142e+11, -2.457671e+10
6.798028e+11, 3.784688e+11
1.403592e+12, 2.907217e+11
2.867953e+12, 2.054575e+11
4.492470e+12, 1.641668e+11

5.694412e+05, 1.568166e+05
5.812295e+10, 4.999915e+09
-9.181417e+10, -5.444761e+10
1.453618e+11, -3.525407e+10
-2.222733e+11, -2.667487e+10
6.792536e+11, 3.794552e+11
1.403424e+12, 2.915409e+11
2.867911e+12, 2.060436e+11
4.492453e+12, 1.646356e+11

5.709357e+05, 1.574705e+05
5.762220e+10, 9.067801e+09
-9.022508e+10, -5.705466e+10
1.459478e+11, -3.274819e+10
-2.220128e+11, -2.877068e+10
6.787029e+11, 3.804408e+11
1.403254e+12, 2.923600e+11
2.867869e+12, 2.066296e+11
4.492435e+12, 1.651044e+11

5.724325e+05, 1.581268e+05
5.683374e+10, 1.309041e+10
-8.856249e+10, -5.961523e+10
1.464907e+11, -3.023262e+10
-2.217326e+11, -3.086395e+10
6.781508e+11, 3.814256e+11
1.403085e+12, 2.931789e+11
2.867827e+12, 2.072156e+11
4.492418e+12, 1.655733e+11

5.739313e+05, 1.587856e+05
5.576136e+10, 1.704763e+10
-8.682776e+10, -6.212724e+10
1.469901e+11, -2.770810e+10
-2.214328e+11, -3.295449e+10
6.775973e+11, 3.824095e+11
1.402915e+12, 2.939978e+11
2.867784e+12, 2.078016e+11
4.492401e+12, 1.660421e+11

5.754321e+05, 1.594470e+05
5.441025e+10, 2.091963e+10
-8.502234e+10, -6.458867e+10
1.474460e+11, -2.517537e+10
-2.211135e+11, -3.504212e+10
6.770423e+11, 3.833927e+11
1.402744e+12, 2.948166e+11
2.867742e+12, 2.083876e+11
4.492383e+12, 1.665109e+11

5.769347e+05, 1.601109e+05
5.278693e+10, 2.468697e+10
-8.314769e+10, -6.699752e+10
1.478583e+11, -2.263518e+10
-2.207747e+11, -3.712666e+10
6.764859e+11, 3.843751e+11
1.402573e+12, 2.956353e+11
2.867699e+12, 2.089735e+11
4.492366e+12, 1.669798e+11

5.784391e+05, 1.607775e+05
5.089926e+10, 2.833069e+10
-8.120537e+10, -6.935183e+10
1.482267e+11, -2.008829e+10
-2.204164e+11, -3.920791e+10
6.759281e+11, 3.853566e+11
1.402402e+12, 2.964538e+11
2.867656e+12, 2.095595e+11
4.492348e+12, 1.674486e+11

5.799450e+05, 1.614467e+05
4.875642e+10, 3.183237e+10
-7.919697e+10, -7.164971e+10
1.485513e+11, -1.753545e+10
-2.200385e+11, -4.128571e+10
6.753689e+11, 3.863374e+11
1.402230e+12, 2.972723e+11
2.867613e+12, 2.101455e+11
4.492331e+12, 1.679174e+11

5.814523e+05, 1.621186e+05
4.636884e+10, 3.517426e+10
-7.712414e+10, -7.388930e+10
1.488319e+11, -1.497742e+10
-2.196413e+11, -4.335985e+10
6.748083e+11, 3.873173e+11
1.402057e+12, 2.980907e+11
2.867570e+12, 2.107314e+11
4.492313e+12, 1.683862e+11

5.829610e+05, 1.627931e+05
4.374817e+10, 3.833934e+10
-7.498858e+10, -7.606880e+10
1.490685e+11, -1.241495e+10
-2.192247e+11, -4.543017e+10
6.742462e+11, 3.882964e+11
1.401885e+12, 2.989090e+11
2.867527e+12, 2.113174e+11
4.492295e+12, 1.688551e+11

5.844710e+05, 1.634703e+05
4.090724e+10, 4.131139e+10
-7.279204e+10, -7.818644e+10
1.492609e+11, -9.848801e+09
-2.187887e+11, -4.749647e+10
6.736827e+11, 3.892747e+11
1.401711e+12, 2.997272e+11
2.867484e+12, 2.119033e+11
4.492278e+12, 1.693239e+11

5.859820e+05, 1.641501e+05
3.786002e+10, 4.407510e+10
-7.053633e+10, -8.024052e+10
1.494091e+11, -7.279737e+09
-2.183334e+11, -4.955858e+10
6.731178e+11, 3.902522e+11
1.401537e+12, 3.005452e+11
2.867440e+12, 2.124892e+11
4.492260e+12, 1.697927e+11

5.874941e+05, 1.648326e+05
3.462154e+10, 4.661615e+10
-6.822330e+10, -8.222940e+10
1.495131e+11, -4.708516e+09
-2.178588e+11, -5.161631e+10
6.725515e+11, 3.912288e+11
1.401363e+12, 3.013632e+11
2.867397e+12, 2.130751e+11
4.492242e+12, 1.702615e+11

5.890071e+05, 1.655176e+05
3.120781e+10, 4.892123e+10
-6.585484e+10, -8.415147e+10
1.495728e+11, -2.135899e+09
-2.173649e+11, -5.366949e+10
6.719838e+11, 3.922047e+11
1.401188e+12, 3.021811e+11
2.867353e+12, 2.136610e+11
4.492224e+12, 1.707303e+11

5.905210e+05, 1.662051e+05
2.763580e+10, 5.097819e+10
-6.343289e+10, -8.600519e+10
1.495883e+11, 4.373508e+08
-2.168519e+11, -5.571792e+10
6.714147e+11, 3.931797e+11
1.401013e+12, 3.029989e+11
2.867309e+12, 2.142469e+11
4.492206e+12, 1.711991e+11

5.920356e+05, 1.668950e+05
2.392333e+10, 5.277605e+10
-6.095944e+10, -8.778908e+10
1.495594e+11, 3.010473e+09
-2.163197e+11, -5.776144e+10
6.708441e+11, 3.941539e+11
1.400837e+12, 3.038165e+11
2.867265e+12, 2.148328e+11
4.492188e+12, 1.716680e+11

